(0,)
(3755,)
(7401,)
(10831,)
(13944,)
(16650,)
(18869,)
(20536,)
(21603,)
(22039,)
(21831,)
(20985,)
(19525,)
(17495,)
(14953,)
(11975,)
(8646,)
(5065,)
(1335,)
(-2432,)
(-6129,)
(-9648,)
(-12884,)
(-15743,)
(-18143,)
(-20012,)
(-21296,)
(-21958,)
(-21979,)
(-21356,)
(-20110,)
(-18276,)
(-15908,)
(-13074,)
(-9859,)
(-6356,)
(-2666,)
(1100,)
(4835,)
(8429,)
(11776,)
(14779,)
(17350,)
(19415,)
(20911,)
(21797,)
(22045,)
(21649,)
(20621,)
(18990,)
(16803,)
(14126,)
(11036,)
(7623,)
(3988,)
(235,)
(-3523,)
(-7179,)
(-10625,)
(-13761,)
(-16494,)
(-18746,)
(-20449,)
(-21555,)
(-22031,)
(-21863,)
(-21056,)
(-19634,)
(-17638,)
(-15126,)
(-12172,)
(-8863,)
(-5294,)
(-1571,)
(2197,)
(5902,)
(9435,)
(12692,)
(15577,)
(18008,)
(19912,)
(21234,)
(21936,)
(21996,)
(21414,)
(20206,)
(18407,)
(16070,)
(13264,)
(10069,)
(6581,)
(2900,)
(-864,)
(-4604,)
(-8210,)
(-11576,)
(-14603,)
(-17204,)
(-19302,)
(-20835,)
(-21760,)
(-22049,)
(-21693,)
(-20703,)
(-19108,)
(-16955,)
(-14306,)
(-11239,)
(-7844,)
(-4219,)
(-471,)
(3290,)
(6955,)
(10418,)
(13576,)
(16337,)
(18620,)
(20360,)
(21504,)
(22020,)
(21892,)
(21125,)
(19740,)
(17778,)
(15297,)
(12368,)
(9078,)
(5523,)
(1806,)
(-1963,)
(-5675,)
(-9221,)
(-12498,)
(-15409,)
(-17871,)
(-19809,)
(-21169,)
(-21911,)
(-22011,)
(-21469,)
(-20299,)
(-18536,)
(-16231,)
(-13451,)
(-10279,)
(-6806,)
(-3134,)
(628,)
(4374,)
(7991,)
(11374,)
(14426,)
(17055,)
(19186,)
(20757,)
(21721,)
(22049,)
(21734,)
(20783,)
(19225,)
(17105,)
(14485,)
(11442,)
(8064,)
(4451,)
(707,)
(-3056,)
(-6731,)
(-10209,)
(-13389,)
(-16177,)
(-18493,)
(-20268,)
(-21451,)
(-22007,)
(-21919,)
(-21191,)
(-19844,)
(-17917,)
(-15466,)
(-12563,)
(-9292,)
(-5751,)
(-2041,)
(1728,)
(5447,)
(9006,)
(12303,)
(15240,)
(17731,)
(19705,)
(21102,)
(21883,)
(22024,)
(21521,)
(20390,)
(18662,)
(16389,)
(13637,)
(10487,)
(7030,)
(3367,)
(-393,)
(-4142,)
(-7770,)
(-11172,)
(-14246,)
(-16905,)
(-19069,)
(-20676,)
(-21679,)
(-22048,)
(-21772,)
(-20861,)
(-19339,)
(-17253,)
(-14662,)
(-11643,)
(-8283,)
(-4681,)
(-943,)
(2822,)
(6506,)
(9999,)
(13201,)
(16016,)
(18363,)
(20174,)
(21395,)
(21991,)
(21944,)
(21255,)
(19946,)
(18053,)
(15633,)
(12756,)
(9506,)
(5978,)
(2276,)
(-1492,)
(-5218,)
(-8791,)
(-12106,)
(-15069,)
(-17590,)
(-19598,)
(-21033,)
(-21853,)
(-22034,)
(-21571,)
(-20478,)
(-18787,)
(-16546,)
(-13822,)
(-10694,)
(-7253,)
(-3600,)
(157,)
(3910,)
(7549,)
(10968,)
(14066,)
(16752,)
(18950,)
(20593,)
(21634,)
(22044,)
(21808,)
(20936,)
(19452,)
(17399,)
(14837,)
(11842,)
(8501,)
(4912,)
(1178,)
(-2588,)
(-6280,)
(-9789,)
(-13011,)
(-15853,)
(-18232,)
(-20078,)
(-21337,)
(-21972,)
(-21965,)
(-21317,)
(-20045,)
(-18187,)
(-15798,)
(-12947,)
(-9718,)
(-6205,)
(-2510,)
(1257,)
(4988,)
(8574,)
(11909,)
(14895,)
(17447,)
(19489,)
(20961,)
(21820,)
(22042,)
(21619,)
(20565,)
(18909,)
(16701,)
(14005,)
(10899,)
(7475,)
(3833,)
(78,)
(-3678,)
(-7327,)
(-10762,)
(-13883,)
(-16598,)
(-18828,)
(-20507,)
(-21588,)
(-22037,)
(-21842,)
(-21009,)
(-19562,)
(-17543,)
(-15011,)
(-12041,)
(-8718,)
(-5141,)
(-1414,)
(2354,)
(6054,)
(9577,)
(12820,)
(15688,)
(18098,)
(19979,)
(21276,)
(21951,)
(21985,)
(21376,)
(20142,)
(18320,)
(15962,)
(13138,)
(9929,)
(6431,)
(2744,)
(-1021,)
(-4758,)
(-8356,)
(-11709,)
(-14721,)
(-17302,)
(-19377,)
(-20886,)
(-21785,)
(-22047,)
(-21664,)
(-20649,)
(-19029,)
(-16854,)
(-14186,)
(-11104,)
(-7697,)
(-4065,)
(-314,)
(3445,)
(7104,)
(10556,)
(13699,)
(16442,)
(18704,)
(20420,)
(21538,)
(22028,)
(21873,)
(21079,)
(19669,)
(17685,)
(15183,)
(12238,)
(8935,)
(5370,)
(1649,)
(-2119,)
(-5827,)
(-9364,)
(-12627,)
(-15522,)
(-17962,)
(-19878,)
(-21213,)
(-21928,)
(-22002,)
(-21432,)
(-20237,)
(-18450,)
(-16124,)
(-13326,)
(-10139,)
(-6656,)
(-2978,)
(786,)
(4528,)
(8137,)
(11509,)
(14544,)
(17155,)
(19263,)
(20809,)
(21747,)
(22049,)
(21707,)
(20730,)
(19148,)
(17005,)
(14366,)
(11307,)
(7917,)
(4296,)
(550,)
(-3212,)
(-6881,)
(-10348,)
(-13513,)
(-16284,)
(-18578,)
(-20329,)
(-21487,)
(-22016,)
(-21902,)
(-21147,)
(-19775,)
(-17824,)
(-15353,)
(-12433,)
(-9150,)
(-5599,)
(-1884,)
(1884,)
(5599,)
(9150,)
(12433,)
(15353,)
(17824,)
(19775,)
(21147,)
(21902,)
(22016,)
(21487,)
(20329,)
(18578,)
(16284,)
(13513,)
(10348,)
(6881,)
(3212,)
(-550,)
(-4296,)
(-7917,)
(-11307,)
(-14366,)
(-17005,)
(-19148,)
(-20730,)
(-21707,)
(-22049,)
(-21747,)
(-20809,)
(-19263,)
(-17155,)
(-14544,)
(-11509,)
(-8137,)
(-4528,)
(-786,)
(2978,)
(6656,)
(10139,)
(13326,)
(16124,)
(18450,)
(20237,)
(21432,)
(22002,)
(21928,)
(21213,)
(19878,)
(17962,)
(15522,)
(12627,)
(9364,)
(5827,)
(2119,)
(-1649,)
(-5370,)
(-8935,)
(-12238,)
(-15183,)
(-17685,)
(-19669,)
(-21079,)
(-21873,)
(-22028,)
(-21538,)
(-20420,)
(-18704,)
(-16442,)
(-13699,)
(-10556,)
(-7104,)
(-3445,)
(314,)
(4065,)
(7697,)
(11104,)
(14186,)
(16854,)
(19029,)
(20649,)
(21664,)
(22047,)
(21785,)
(20886,)
(19377,)
(17302,)
(14721,)
(11709,)
(8356,)
(4758,)
(1021,)
(-2744,)
(-6431,)
(-9929,)
(-13138,)
(-15962,)
(-18320,)
(-20142,)
(-21376,)
(-21985,)
(-21951,)
(-21276,)
(-19979,)
(-18098,)
(-15688,)
(-12820,)
(-9577,)
(-6054,)
(-2354,)
(1414,)
(5141,)
(8718,)
(12041,)
(15011,)
(17543,)
(19562,)
(21009,)
(21842,)
(22037,)
(21588,)
(20507,)
(18828,)
(16598,)
(13883,)
(10762,)
(7327,)
(3678,)
(-78,)
(-3833,)
(-7475,)
(-10899,)
(-14005,)
(-16701,)
(-18909,)
(-20565,)
(-21619,)
(-22042,)
(-21820,)
(-20961,)
(-19489,)
(-17447,)
(-14895,)
(-11909,)
(-8574,)
(-4988,)
(-1257,)
(2510,)
(6205,)
(9718,)
(12947,)
(15798,)
(18187,)
(20045,)
(21317,)
(21965,)
(21972,)
(21337,)
(20078,)
(18232,)
(15853,)
(13011,)
(9789,)
(6280,)
(2588,)
(-1178,)
(-4912,)
(-8501,)
(-11842,)
(-14837,)
(-17399,)
(-19452,)
(-20936,)
(-21808,)
(-22044,)
(-21634,)
(-20593,)
(-18950,)
(-16752,)
(-14066,)
(-10968,)
(-7549,)
(-3910,)
(-157,)
(3600,)
(7253,)
(10694,)
(13822,)
(16546,)
(18787,)
(20478,)
(21571,)
(22034,)
(21853,)
(21033,)
(19598,)
(17590,)
(15069,)
(12106,)
(8791,)
(5218,)
(1492,)
(-2276,)
(-5978,)
(-9506,)
(-12756,)
(-15633,)
(-18053,)
(-19946,)
(-21255,)
(-21944,)
(-21991,)
(-21395,)
(-20174,)
(-18363,)
(-16016,)
(-13201,)
(-9999,)
(-6506,)
(-2822,)
(943,)
(4681,)
(8283,)
(11643,)
(14662,)
(17253,)
(19339,)
(20861,)
(21772,)
(22048,)
(21679,)
(20676,)
(19069,)
(16905,)
(14246,)
(11172,)
(7770,)
(4142,)
(393,)
(-3367,)
(-7030,)
(-10487,)
(-13637,)
(-16389,)
(-18662,)
(-20390,)
(-21521,)
(-22024,)
(-21883,)
(-21102,)
(-19705,)
(-17731,)
(-15240,)
(-12303,)
(-9006,)
(-5447,)
(-1728,)
(2041,)
(5751,)
(9292,)
(12563,)
(15466,)
(17917,)
(19844,)
(21191,)
(21919,)
(22007,)
(21451,)
(20268,)
(18493,)
(16177,)
(13389,)
(10209,)
(6731,)
(3056,)
(-707,)
(-4451,)
(-8064,)
(-11442,)
(-14485,)
(-17105,)
(-19225,)
(-20783,)
(-21734,)
(-22049,)
(-21721,)
(-20757,)
(-19186,)
(-17055,)
(-14426,)
(-11374,)
(-7991,)
(-4374,)
(-628,)
(3134,)
(6806,)
(10279,)
(13451,)
(16231,)
(18536,)
(20299,)
(21469,)
(22011,)
(21911,)
(21169,)
(19809,)
(17871,)
(15409,)
(12498,)
(9221,)
(5675,)
(1963,)
(-1806,)
(-5523,)
(-9078,)
(-12368,)
(-15297,)
(-17778,)
(-19740,)
(-21125,)
(-21892,)
(-22020,)
(-21504,)
(-20360,)
(-18620,)
(-16337,)
(-13576,)
(-10418,)
(-6955,)
(-3290,)
(471,)
(4219,)
(7844,)
(11239,)
(14306,)
(16955,)
(19108,)
(20703,)
(21693,)
(22049,)
(21760,)
(20835,)
(19302,)
(17204,)
(14603,)
(11576,)
(8210,)
(4604,)
(864,)
(-2900,)
(-6581,)
(-10069,)
(-13264,)
(-16070,)
(-18407,)
(-20206,)
(-21414,)
(-21996,)
(-21936,)
(-21234,)
(-19912,)
(-18008,)
(-15577,)
(-12692,)
(-9435,)
(-5902,)
(-2197,)
(1571,)
(5294,)
(8863,)
(12172,)
(15126,)
(17638,)
(19634,)
(21056,)
(21863,)
(22031,)
(21555,)
(20449,)
(18746,)
(16494,)
(13761,)
(10625,)
(7179,)
(3523,)
(-235,)
(-3988,)
(-7623,)
(-11036,)
(-14126,)
(-16803,)
(-18990,)
(-20621,)
(-21649,)
(-22045,)
(-21797,)
(-20911,)
(-19415,)
(-17350,)
(-14779,)
(-11776,)
(-8429,)
(-4835,)
(-1100,)
(2666,)
(6356,)
(9859,)
(13074,)
(15908,)
(18276,)
(20110,)
(21356,)
(21979,)
(21958,)
(21296,)
(20012,)
(18143,)
(15743,)
(12884,)
(9648,)
(6129,)
(2432,)
(-1335,)
(-5065,)
(-8646,)
(-11975,)
(-14953,)
(-17495,)
(-19525,)
(-20985,)
(-21831,)
(-22039,)
(-21603,)
(-20536,)
(-18869,)
(-16650,)
(-13944,)
(-10831,)
(-7401,)
(-3755,)
(0,)
(3755,)
(7401,)
(10831,)
(13944,)
(16650,)
(18869,)
(20536,)
(21603,)
(22039,)
(21831,)
(20985,)
(19525,)
(17495,)
(14953,)
(11975,)
(8646,)
(5065,)
(1335,)
(-2432,)
(-6129,)
(-9648,)
(-12884,)
(-15743,)
(-18143,)
(-20012,)
(-21296,)
(-21958,)
(-21979,)
(-21356,)
(-20110,)
(-18276,)
(-15908,)
(-13074,)
(-9859,)
(-6356,)
(-2666,)
(1100,)
(4835,)
(8429,)
(11776,)
(14779,)
(17350,)
(19415,)
(20911,)
(21797,)
(22045,)
(21649,)
(20621,)
(18990,)
(16803,)
(14126,)
(11036,)
(7623,)
(3988,)
(235,)
(-3523,)
(-7179,)
(-10625,)
(-13761,)
(-16494,)
(-18746,)
(-20449,)
(-21555,)
(-22031,)
(-21863,)
(-21056,)
(-19634,)
(-17638,)
(-15126,)
(-12172,)
(-8863,)
(-5294,)
(-1571,)
(2197,)
(5902,)
(9435,)
(12692,)
(15577,)
(18008,)
(19912,)
(21234,)
(21936,)
(21996,)
(21414,)
(20206,)
(18407,)
(16070,)
(13264,)
(10069,)
(6581,)
(2900,)
(-864,)
(-4604,)
(-8210,)
(-11576,)
(-14603,)
(-17204,)
(-19302,)
(-20835,)
(-21760,)
(-22049,)
(-21693,)
(-20703,)
(-19108,)
(-16955,)
(-14306,)
(-11239,)
(-7844,)
(-4219,)
(-471,)
(3290,)
(6955,)
(10418,)
(13576,)
(16337,)
(18620,)
(20360,)
(21504,)
(22020,)
(21892,)
(21125,)
(19740,)
(17778,)
(15297,)
(12368,)
(9078,)
(5523,)
(1806,)
(-1963,)
(-5675,)
(-9221,)
(-12498,)
(-15409,)
(-17871,)
(-19809,)
(-21169,)
(-21911,)
(-22011,)
(-21469,)
(-20299,)
(-18536,)
(-16231,)
(-13451,)
(-10279,)
(-6806,)
(-3134,)
(628,)
(4374,)
(7991,)
(11374,)
(14426,)
(17055,)
(19186,)
(20757,)
(21721,)
(22049,)
(21734,)
(20783,)
(19225,)
(17105,)
(14485,)
(11442,)
(8064,)
(4451,)
(707,)
(-3056,)
(-6731,)
(-10209,)
(-13389,)
(-16177,)
(-18493,)
(-20268,)
(-21451,)
(-22007,)
(-21919,)
(-21191,)
(-19844,)
(-17917,)
(-15466,)
(-12563,)
(-9292,)
(-5751,)
(-2041,)
(1728,)
(5447,)
(9006,)
(12303,)
(15240,)
(17731,)
(19705,)
(21102,)
(21883,)
(22024,)
(21521,)
(20390,)
(18662,)
(16389,)
(13637,)
(10487,)
(7030,)
(3367,)
(-393,)
(-4142,)
(-7770,)
(-11172,)
(-14246,)
(-16905,)
(-19069,)
(-20676,)
(-21679,)
(-22048,)
(-21772,)
(-20861,)
(-19339,)
(-17253,)
(-14662,)
(-11643,)
(-8283,)
(-4681,)
(-943,)
(2822,)
(6506,)
(9999,)
(13201,)
(16016,)
(18363,)
(20174,)
(21395,)
(21991,)
(21944,)
(21255,)
(19946,)
(18053,)
(15633,)
(12756,)
(9506,)
(5978,)
(2276,)
(-1492,)
(-5218,)
(-8791,)
(-12106,)
(-15069,)
(-17590,)
(-19598,)
(-21033,)
(-21853,)
(-22034,)
(-21571,)
(-20478,)
(-18787,)
(-16546,)
(-13822,)
(-10694,)
(-7253,)
(-3600,)
(157,)
(3910,)
(7549,)
(10968,)
(14066,)
(16752,)
(18950,)
(20593,)
(21634,)
(22044,)
(21808,)
(20936,)
(19452,)
(17399,)
(14837,)
(11842,)
(8501,)
(4912,)
(1178,)
(-2588,)
(-6280,)
(-9789,)
(-13011,)
(-15853,)
(-18232,)
(-20078,)
(-21337,)
(-21972,)
(-21965,)
(-21317,)
(-20045,)
(-18187,)
(-15798,)
(-12947,)
(-9718,)
(-6205,)
(-2510,)
(1257,)
(4988,)
(8574,)
(11909,)
(14895,)
(17447,)
(19489,)
(20961,)
(21820,)
(22042,)
(21619,)
(20565,)
(18909,)
(16701,)
(14005,)
(10899,)
(7475,)
(3833,)
(78,)
(-3678,)
(-7327,)
(-10762,)
(-13883,)
(-16598,)
(-18828,)
(-20507,)
(-21588,)
(-22037,)
(-21842,)
(-21009,)
(-19562,)
(-17543,)
(-15011,)
(-12041,)
(-8718,)
(-5141,)
(-1414,)
(2354,)
(6054,)
(9577,)
(12820,)
(15688,)
(18098,)
(19979,)
(21276,)
(21951,)
(21985,)
(21376,)
(20142,)
(18320,)
(15962,)
(13138,)
(9929,)
(6431,)
(2744,)
(-1021,)
(-4758,)
(-8356,)
(-11709,)
(-14721,)
(-17302,)
(-19377,)
(-20886,)
(-21785,)
(-22047,)
(-21664,)
(-20649,)
(-19029,)
(-16854,)
(-14186,)
(-11104,)
(-7697,)
(-4065,)
(-314,)
(3445,)
(7104,)
(10556,)
(13699,)
(16442,)
(18704,)
(20420,)
(21538,)
(22028,)
(21873,)
(21079,)
(19669,)
(17685,)
(15183,)
(12238,)
(8935,)
(5370,)
(1649,)
(-2119,)
(-5827,)
(-9364,)
(-12627,)
(-15522,)
(-17962,)
(-19878,)
(-21213,)
(-21928,)
(-22002,)
(-21432,)
(-20237,)
(-18450,)
(-16124,)
(-13326,)
(-10139,)
(-6656,)
(-2978,)
(786,)
(4528,)
(8137,)
(11509,)
(14544,)
(17155,)
(19263,)
(20809,)
(21747,)
(22049,)
(21707,)
(20730,)
(19148,)
(17005,)
(14366,)
(11307,)
(7917,)
(4296,)
(550,)
(-3212,)
(-6881,)
(-10348,)
(-13513,)
(-16284,)
(-18578,)
(-20329,)
(-21487,)
(-22016,)
(-21902,)
(-21147,)
(-19775,)
(-17824,)
(-15353,)
(-12433,)
(-9150,)
(-5599,)
(-1884,)
(1884,)
(5599,)
(9150,)
(12433,)
(15353,)
(17824,)
(19775,)
(21147,)
(21902,)
(22016,)
(21487,)
(20329,)
(18578,)
(16284,)
(13513,)
(10348,)
(6881,)
(3212,)
(-550,)
(-4296,)
(-7917,)
(-11307,)
(-14366,)
(-17005,)
(-19148,)
(-20730,)
(-21707,)
(-22049,)
(-21747,)
(-20809,)
(-19263,)
(-17155,)
(-14544,)
(-11509,)
(-8137,)
(-4528,)
(-786,)
(2978,)
(6656,)
(10139,)
(13326,)
(16124,)
(18450,)
(20237,)
(21432,)
(22002,)
(21928,)
(21213,)
(19878,)
(17962,)
(15522,)
(12627,)
(9364,)
(5827,)
(2119,)
(-1649,)
(-5370,)
(-8935,)
(-12238,)
(-15183,)
(-17685,)
(-19669,)
(-21079,)
(-21873,)
(-22028,)
(-21538,)
(-20420,)
(-18704,)
(-16442,)
(-13699,)
(-10556,)
(-7104,)
(-3445,)
(314,)
(4065,)
(7697,)
(11104,)
(14186,)
(16854,)
(19029,)
(20649,)
(21664,)
(22047,)
(21785,)
(20886,)
(19377,)
(17302,)
(14721,)
(11709,)
(8356,)
(4758,)
(1021,)
(-2744,)
(-6431,)
(-9929,)
(-13138,)
(-15962,)
(-18320,)
(-20142,)
(-21376,)
(-21985,)
(-21951,)
(-21276,)
(-19979,)
(-18098,)
(-15688,)
(-12820,)
(-9577,)
(-6054,)
(-2354,)
(1414,)
(5141,)
(8718,)
(12041,)
(15011,)
(17543,)
(19562,)
(21009,)
(21842,)
(22037,)
(21588,)
(20507,)
(18828,)
(16598,)
(13883,)
(10762,)
(7327,)
(3678,)
(-78,)
(-3833,)
(-7475,)
(-10899,)
(-14005,)
(-16701,)
(-18909,)
(-20565,)
(-21619,)
(-22042,)
(-21820,)
(-20961,)
(-19489,)
(-17447,)
(-14895,)
(-11909,)
(-8574,)
(-4988,)
(-1257,)
(2510,)
(6205,)
(9718,)
(12947,)
(15798,)
(18187,)
(20045,)
(21317,)
(21965,)
(21972,)
(21337,)
(20078,)
(18232,)
(15853,)
(13011,)
(9789,)
(6280,)
(2588,)
(-1178,)
(-4912,)
(-8501,)
(-11842,)
(-14837,)
(-17399,)
(-19452,)
(-20936,)
(-21808,)
(-22044,)
(-21634,)
(-20593,)
(-18950,)
(-16752,)
(-14066,)
(-10968,)
(-7549,)
(-3910,)
(-157,)
(3600,)
(7253,)
(10694,)
(13822,)
(16546,)
(18787,)
(20478,)
(21571,)
(22034,)
(21853,)
(21033,)
(19598,)
(17590,)
(15069,)
(12106,)
(8791,)
(5218,)
(1492,)
(-2276,)
(-5978,)
(-9506,)
(-12756,)
(-15633,)
(-18053,)
(-19946,)
(-21255,)
(-21944,)
(-21991,)
(-21395,)
(-20174,)
(-18363,)
(-16016,)
(-13201,)
(-9999,)
(-6506,)
(-2822,)
(943,)
(4681,)
(8283,)
(11643,)
(14662,)
(17253,)
(19339,)
(20861,)
(21772,)
(22048,)
(21679,)
(20676,)
(19069,)
(16905,)
(14246,)
(11172,)
(7770,)
(4142,)
(393,)
(-3367,)
(-7030,)
(-10487,)
(-13637,)
(-16389,)
(-18662,)
(-20390,)
(-21521,)
(-22024,)
(-21883,)
(-21102,)
(-19705,)
(-17731,)
(-15240,)
(-12303,)
(-9006,)
(-5447,)
(-1728,)
(2041,)
(5751,)
(9292,)
(12563,)
(15466,)
(17917,)
(19844,)
(21191,)
(21919,)
(22007,)
(21451,)
(20268,)
(18493,)
(16177,)
(13389,)
(10209,)
(6731,)
(3056,)
(-707,)
(-4451,)
(-8064,)
(-11442,)
(-14485,)
(-17105,)
(-19225,)
(-20783,)
(-21734,)
(-22049,)
(-21721,)
(-20757,)
(-19186,)
(-17055,)
(-14426,)
(-11374,)
(-7991,)
(-4374,)
(-628,)
(3134,)
(6806,)
(10279,)
(13451,)
(16231,)
(18536,)
(20299,)
(21469,)
(22011,)
(21911,)
(21169,)
(19809,)
(17871,)
(15409,)
(12498,)
(9221,)
(5675,)
(1963,)
(-1806,)
(-5523,)
(-9078,)
(-12368,)
(-15297,)
(-17778,)
(-19740,)
(-21125,)
(-21892,)
(-22020,)
(-21504,)
(-20360,)
(-18620,)
(-16337,)
(-13576,)
(-10418,)
(-6955,)
(-3290,)
(471,)
(4219,)
(7844,)
(11239,)
(14306,)
(16955,)
(19108,)
(20703,)
(21693,)
(22049,)
(21760,)
(20835,)
(19302,)
(17204,)
(14603,)
(11576,)
(8210,)
(4604,)
(864,)
(-2900,)
(-6581,)
(-10069,)
(-13264,)
(-16070,)
(-18407,)
(-20206,)
(-21414,)
(-21996,)
(-21936,)
(-21234,)
(-19912,)
(-18008,)
(-15577,)
(-12692,)
(-9435,)
(-5902,)
(-2197,)
(1571,)
(5294,)
(8863,)
(12172,)
(15126,)
(17638,)
(19634,)
(21056,)
(21863,)
(22031,)
(21555,)
(20449,)
(18746,)
(16494,)
(13761,)
(10625,)
(7179,)
(3523,)
(-235,)
(-3988,)
(-7623,)
(-11036,)
(-14126,)
(-16803,)
(-18990,)
(-20621,)
(-21649,)
(-22045,)
(-21797,)
(-20911,)
(-19415,)
(-17350,)
(-14779,)
(-11776,)
(-8429,)
(-4835,)
(-1100,)
(2666,)
(6356,)
(9859,)
(13074,)
(15908,)
(18276,)
(20110,)
(21356,)
(21979,)
(21958,)
(21296,)
(20012,)
(18143,)
(15743,)
(12884,)
(9648,)
(6129,)
(2432,)
(-1335,)
(-5065,)
(-8646,)
(-11975,)
(-14953,)
(-17495,)
(-19525,)
(-20985,)
(-21831,)
(-22039,)
(-21603,)
(-20536,)
(-18869,)
(-16650,)
(-13944,)
(-10831,)
(-7401,)
(-3755,)
(0,)
(3755,)
(7401,)
(10831,)
(13944,)
(16650,)
(18869,)
(20536,)
(21603,)
(22039,)
(21831,)
(20985,)
(19525,)
(17495,)
(14953,)
(11975,)
(8646,)
(5065,)
(1335,)
(-2432,)
(-6129,)
(-9648,)
(-12884,)
(-15743,)
(-18143,)
(-20012,)
(-21296,)
(-21958,)
(-21979,)
(-21356,)
(-20110,)
(-18276,)
(-15908,)
(-13074,)
(-9859,)
(-6356,)
(-2666,)
(1100,)
(4835,)
(8429,)
(11776,)
(14779,)
(17350,)
(19415,)
(20911,)
(21797,)
(22045,)
(21649,)
(20621,)
(18990,)
(16803,)
(14126,)
(11036,)
(7623,)
(3988,)
(235,)
(-3523,)
(-7179,)
(-10625,)
(-13761,)
(-16494,)
(-18746,)
(-20449,)
(-21555,)
(-22031,)
(-21863,)
(-21056,)
(-19634,)
(-17638,)
(-15126,)
(-12172,)
(-8863,)
(-5294,)
(-1571,)
(2197,)
(5902,)
(9435,)
(12692,)
(15577,)
(18008,)
(19912,)
(21234,)
(21936,)
(21996,)
(21414,)
(20206,)
(18407,)
(16070,)
(13264,)
(10069,)
(6581,)
(2900,)
(-864,)
(-4604,)
(-8210,)
(-11576,)
(-14603,)
(-17204,)
(-19302,)
(-20835,)
(-21760,)
(-22049,)
(-21693,)
(-20703,)
(-19108,)
(-16955,)
(-14306,)
(-11239,)
(-7844,)
(-4219,)
(-471,)
(3290,)
(6955,)
(10418,)
(13576,)
(16337,)
(18620,)
(20360,)
(21504,)
(22020,)
(21892,)
(21125,)
(19740,)
(17778,)
(15297,)
(12368,)
(9078,)
(5523,)
(1806,)
(-1963,)
(-5675,)
(-9221,)
(-12498,)
(-15409,)
(-17871,)
(-19809,)
(-21169,)
(-21911,)
(-22011,)
(-21469,)
(-20299,)
(-18536,)
(-16231,)
(-13451,)
(-10279,)
(-6806,)
(-3134,)
(628,)
(4374,)
(7991,)
(11374,)
(14426,)
(17055,)
(19186,)
(20757,)
(21721,)
(22049,)
(21734,)
(20783,)
(19225,)
(17105,)
(14485,)
(11442,)
(8064,)
(4451,)
(707,)
(-3056,)
(-6731,)
(-10209,)
(-13389,)
(-16177,)
(-18493,)
(-20268,)
(-21451,)
(-22007,)
(-21919,)
(-21191,)
(-19844,)
(-17917,)
(-15466,)
(-12563,)
(-9292,)
(-5751,)
(-2041,)
(1728,)
(5447,)
(9006,)
(12303,)
(15240,)
(17731,)
(19705,)
(21102,)
(21883,)
(22024,)
(21521,)
(20390,)
(18662,)
(16389,)
(13637,)
(10487,)
(7030,)
(3367,)
(-393,)
(-4142,)
(-7770,)
(-11172,)
(-14246,)
(-16905,)
(-19069,)
(-20676,)
(-21679,)
(-22048,)
(-21772,)
(-20861,)
(-19339,)
(-17253,)
(-14662,)
(-11643,)
(-8283,)
(-4681,)
(-943,)
(2822,)
(6506,)
(9999,)
(13201,)
(16016,)
(18363,)
(20174,)
(21395,)
(21991,)
(21944,)
(21255,)
(19946,)
(18053,)
(15633,)
(12756,)
(9506,)
(5978,)
(2276,)
(-1492,)
(-5218,)
(-8791,)
(-12106,)
(-15069,)
(-17590,)
(-19598,)
(-21033,)
(-21853,)
(-22034,)
(-21571,)
(-20478,)
(-18787,)
(-16546,)
(-13822,)
(-10694,)
(-7253,)
(-3600,)
(157,)
(3910,)
(7549,)
(10968,)
(14066,)
(16752,)
(18950,)
(20593,)
(21634,)
(22044,)
(21808,)
(20936,)
(19452,)
(17399,)
(14837,)
(11842,)
(8501,)
(4912,)
(1178,)
(-2588,)
(-6280,)
(-9789,)
(-13011,)
(-15853,)
(-18232,)
(-20078,)
(-21337,)
(-21972,)
(-21965,)
(-21317,)
(-20045,)
(-18187,)
(-15798,)
(-12947,)
(-9718,)
(-6205,)
(-2510,)
(1257,)
(4988,)
(8574,)
(11909,)
(14895,)
(17447,)
(19489,)
(20961,)
(21820,)
(22042,)
(21619,)
(20565,)
(18909,)
(16701,)
(14005,)
(10899,)
(7475,)
(3833,)
(78,)
(-3678,)
(-7327,)
(-10762,)
(-13883,)
(-16598,)
(-18828,)
(-20507,)
(-21588,)
(-22037,)
(-21842,)
(-21009,)
(-19562,)
(-17543,)
(-15011,)
(-12041,)
(-8718,)
(-5141,)
(-1414,)
(2354,)
(6054,)
(9577,)
(12820,)
(15688,)
(18098,)
(19979,)
(21276,)
(21951,)
(21985,)
(21376,)
(20142,)
(18320,)
(15962,)
(13138,)
(9929,)
(6431,)
(2744,)
(-1021,)
(-4758,)
(-8356,)
(-11709,)
(-14721,)
(-17302,)
(-19377,)
(-20886,)
(-21785,)
(-22047,)
(-21664,)
(-20649,)
(-19029,)
(-16854,)
(-14186,)
(-11104,)
(-7697,)
(-4065,)
(-314,)
(3445,)
(7104,)
(10556,)
(13699,)
(16442,)
(18704,)
(20420,)
(21538,)
(22028,)
(21873,)
(21079,)
(19669,)
(17685,)
(15183,)
(12238,)
(8935,)
(5370,)
(1649,)
(-2119,)
(-5827,)
(-9364,)
(-12627,)
(-15522,)
(-17962,)
(-19878,)
(-21213,)
(-21928,)
(-22002,)
(-21432,)
(-20237,)
(-18450,)
(-16124,)
(-13326,)
(-10139,)
(-6656,)
(-2978,)
(786,)
(4528,)
(8137,)
(11509,)
(14544,)
(17155,)
(19263,)
(20809,)
(21747,)
(22049,)
(21707,)
(20730,)
(19148,)
(17005,)
(14366,)
(11307,)
(7917,)
(4296,)
(550,)
(-3212,)
(-6881,)
(-10348,)
(-13513,)
(-16284,)
(-18578,)
(-20329,)
(-21487,)
(-22016,)
(-21902,)
(-21147,)
(-19775,)
(-17824,)
(-15353,)
(-12433,)
(-9150,)
(-5599,)
(-1884,)
(1884,)
(5599,)
(9150,)
(12433,)
(15353,)
(17824,)
(19775,)
(21147,)
(21902,)
(22016,)
(21487,)
(20329,)
(18578,)
(16284,)
(13513,)
(10348,)
(6881,)
(3212,)
(-550,)
(-4296,)
(-7917,)
(-11307,)
(-14366,)
(-17005,)
(-19148,)
(-20730,)
(-21707,)
(-22049,)
(-21747,)
(-20809,)
(-19263,)
(-17155,)
(-14544,)
(-11509,)
(-8137,)
(-4528,)
(-786,)
(2978,)
(6656,)
(10139,)
(13326,)
(16124,)
(18450,)
(20237,)
(21432,)
(22002,)
(21928,)
(21213,)
(19878,)
(17962,)
(15522,)
(12627,)
(9364,)
(5827,)
(2119,)
(-1649,)
(-5370,)
(-8935,)
(-12238,)
(-15183,)
(-17685,)
(-19669,)
(-21079,)
(-21873,)
(-22028,)
(-21538,)
(-20420,)
(-18704,)
(-16442,)
(-13699,)
(-10556,)
(-7104,)
(-3445,)
(314,)
(4065,)
(7697,)
(11104,)
(14186,)
(16854,)
(19029,)
(20649,)
(21664,)
(22047,)
(21785,)
(20886,)
(19377,)
(17302,)
(14721,)
(11709,)
(8356,)
(4758,)
(1021,)
(-2744,)
(-6431,)
(-9929,)
(-13138,)
(-15962,)
(-18320,)
(-20142,)
(-21376,)
(-21985,)
(-21951,)
(-21276,)
(-19979,)
(-18098,)
(-15688,)
(-12820,)
(-9577,)
(-6054,)
(-2354,)
(1414,)
(5141,)
(8718,)
(12041,)
(15011,)
(17543,)
(19562,)
(21009,)
(21842,)
(22037,)
(21588,)
(20507,)
(18828,)
(16598,)
(13883,)
(10762,)
(7327,)
(3678,)
(-78,)
(-3833,)
(-7475,)
(-10899,)
(-14005,)
(-16701,)
(-18909,)
(-20565,)
(-21619,)
(-22042,)
(-21820,)
(-20961,)
(-19489,)
(-17447,)
(-14895,)
(-11909,)
(-8574,)
(-4988,)
(-1257,)
(2510,)
(6205,)
(9718,)
(12947,)
(15798,)
(18187,)
(20045,)
(21317,)
(21965,)
(21972,)
(21337,)
(20078,)
(18232,)
(15853,)
(13011,)
(9789,)
(6280,)
(2588,)
(-1178,)
(-4912,)
(-8501,)
(-11842,)
(-14837,)
(-17399,)
(-19452,)
(-20936,)
(-21808,)
(-22044,)
(-21634,)
(-20593,)
(-18950,)
(-16752,)
(-14066,)
(-10968,)
(-7549,)
(-3910,)
(-157,)
(3600,)
(7253,)
(10694,)
(13822,)
(16546,)
(18787,)
(20478,)
(21571,)
(22034,)
(21853,)
(21033,)
(19598,)
(17590,)
(15069,)
(12106,)
(8791,)
(5218,)
(1492,)
(-2276,)
(-5978,)
(-9506,)
(-12756,)
(-15633,)
(-18053,)
(-19946,)
(-21255,)
(-21944,)
(-21991,)
(-21395,)
(-20174,)
(-18363,)
(-16016,)
(-13201,)
(-9999,)
(-6506,)
(-2822,)
(943,)
(4681,)
(8283,)
(11643,)
(14662,)
(17253,)
(19339,)
(20861,)
(21772,)
(22048,)
(21679,)
(20676,)
(19069,)
(16905,)
(14246,)
(11172,)
(7770,)
(4142,)
(393,)
(-3367,)
(-7030,)
(-10487,)
(-13637,)
(-16389,)
(-18662,)
(-20390,)
(-21521,)
(-22024,)
(-21883,)
(-21102,)
(-19705,)
(-17731,)
(-15240,)
(-12303,)
(-9006,)
(-5447,)
(-1728,)
(2041,)
(5751,)
(9292,)
(12563,)
(15466,)
(17917,)
(19844,)
(21191,)
(21919,)
(22007,)
(21451,)
(20268,)
(18493,)
(16177,)
(13389,)
(10209,)
(6731,)
(3056,)
(-707,)
(-4451,)
(-8064,)
(-11442,)
(-14485,)
(-17105,)
(-19225,)
(-20783,)
(-21734,)
(-22049,)
(-21721,)
(-20757,)
(-19186,)
(-17055,)
(-14426,)
(-11374,)
(-7991,)
(-4374,)
(-628,)
(3134,)
(6806,)
(10279,)
(13451,)
(16231,)
(18536,)
(20299,)
(21469,)
(22011,)
(21911,)
(21169,)
(19809,)
(17871,)
(15409,)
(12498,)
(9221,)
(5675,)
(1963,)
(-1806,)
(-5523,)
(-9078,)
(-12368,)
(-15297,)
(-17778,)
(-19740,)
(-21125,)
(-21892,)
(-22020,)
(-21504,)
(-20360,)
(-18620,)
(-16337,)
(-13576,)
(-10418,)
(-6955,)
(-3290,)
(471,)
(4219,)
(7844,)
(11239,)
(14306,)
(16955,)
(19108,)
(20703,)
(21693,)
(22049,)
(21760,)
(20835,)
(19302,)
(17204,)
(14603,)
(11576,)
(8210,)
(4604,)
(864,)
(-2900,)
(-6581,)
(-10069,)
(-13264,)
(-16070,)
(-18407,)
(-20206,)
(-21414,)
(-21996,)
(-21936,)
(-21234,)
(-19912,)
(-18008,)
(-15577,)
(-12692,)
(-9435,)
(-5902,)
(-2197,)
(1571,)
(5294,)
(8863,)
(12172,)
(15126,)
(17638,)
(19634,)
(21056,)
(21863,)
(22031,)
(21555,)
(20449,)
(18746,)
(16494,)
(13761,)
(10625,)
(7179,)
(3523,)
(-235,)
(-3988,)
(-7623,)
(-11036,)
(-14126,)
(-16803,)
(-18990,)
(-20621,)
(-21649,)
(-22045,)
(-21797,)
(-20911,)
(-19415,)
(-17350,)
(-14779,)
(-11776,)
(-8429,)
(-4835,)
(-1100,)
(2666,)
(6356,)
(9859,)
(13074,)
(15908,)
(18276,)
(20110,)
(21356,)
(21979,)
(21958,)
(21296,)
(20012,)
(18143,)
(15743,)
(12884,)
(9648,)
(6129,)
(2432,)
(-1335,)
(-5065,)
(-8646,)
(-11975,)
(-14953,)
(-17495,)
(-19525,)
(-20985,)
(-21831,)
(-22039,)
(-21603,)
(-20536,)
(-18869,)
(-16650,)
(-13944,)
(-10831,)
(-7401,)
(-3755,)
(0,)
(3755,)
(7401,)
(10831,)
(13944,)
(16650,)
(18869,)
(20536,)
(21603,)
(22039,)
(21831,)
(20985,)
(19525,)
(17495,)
(14953,)
(11975,)
(8646,)
(5065,)
(1335,)
(-2432,)
(-6129,)
(-9648,)
(-12884,)
(-15743,)
(-18143,)
(-20012,)
(-21296,)
(-21958,)
(-21979,)
(-21356,)
(-20110,)
(-18276,)
(-15908,)
(-13074,)
(-9859,)
(-6356,)
(-2666,)
(1100,)
(4835,)
(8429,)
(11776,)
(14779,)
(17350,)
(19415,)
(20911,)
(21797,)
(22045,)
(21649,)
(20621,)
(18990,)
(16803,)
(14126,)
(11036,)
(7623,)
(3988,)
(235,)
(-3523,)
(-7179,)
(-10625,)
(-13761,)
(-16494,)
(-18746,)
(-20449,)
(-21555,)
(-22031,)
(-21863,)
(-21056,)
(-19634,)
(-17638,)
(-15126,)
(-12172,)
(-8863,)
(-5294,)
(-1571,)
(2197,)
(5902,)
(9435,)
(12692,)
(15577,)
(18008,)
(19912,)
(21234,)
(21936,)
(21996,)
(21414,)
(20206,)
(18407,)
(16070,)
(13264,)
(10069,)
(6581,)
(2900,)
(-864,)
(-4604,)
(-8210,)
(-11576,)
(-14603,)
(-17204,)
(-19302,)
(-20835,)
(-21760,)
(-22049,)
(-21693,)
(-20703,)
(-19108,)
(-16955,)
(-14306,)
(-11239,)
(-7844,)
(-4219,)
(-471,)
(3290,)
(6955,)
(10418,)
(13576,)
(16337,)
(18620,)
(20360,)
(21504,)
(22020,)
(21892,)
(21125,)
(19740,)
(17778,)
(15297,)
(12368,)
(9078,)
(5523,)
(1806,)
(-1963,)
(-5675,)
(-9221,)
(-12498,)
(-15409,)
(-17871,)
(-19809,)
(-21169,)
(-21911,)
(-22011,)
(-21469,)
(-20299,)
(-18536,)
(-16231,)
(-13451,)
(-10279,)
(-6806,)
(-3134,)
(628,)
(4374,)
(7991,)
(11374,)
(14426,)
(17055,)
(19186,)
(20757,)
(21721,)
(22049,)
(21734,)
(20783,)
(19225,)
(17105,)
(14485,)
(11442,)
(8064,)
(4451,)
(707,)
(-3056,)
(-6731,)
(-10209,)
(-13389,)
(-16177,)
(-18493,)
(-20268,)
(-21451,)
(-22007,)
(-21919,)
(-21191,)
(-19844,)
(-17917,)
(-15466,)
(-12563,)
(-9292,)
(-5751,)
(-2041,)
(1728,)
(5447,)
(9006,)
(12303,)
(15240,)
(17731,)
(19705,)
(21102,)
(21883,)
(22024,)
(21521,)
(20390,)
(18662,)
(16389,)
(13637,)
(10487,)
(7030,)
(3367,)
(-393,)
(-4142,)
(-7770,)
(-11172,)
(-14246,)
(-16905,)
(-19069,)
(-20676,)
(-21679,)
(-22048,)
(-21772,)
(-20861,)
(-19339,)
(-17253,)
(-14662,)
(-11643,)
(-8283,)
(-4681,)
(-943,)
(2822,)
(6506,)
(9999,)
(13201,)
(16016,)
(18363,)
(20174,)
(21395,)
(21991,)
(21944,)
(21255,)
(19946,)
(18053,)
(15633,)
(12756,)
(9506,)
(5978,)
(2276,)
(-1492,)
(-5218,)
(-8791,)
(-12106,)
(-15069,)
(-17590,)
(-19598,)
(-21033,)
(-21853,)
(-22034,)
(-21571,)
(-20478,)
(-18787,)
(-16546,)
(-13822,)
(-10694,)
(-7253,)
(-3600,)
(157,)
(3910,)
(7549,)
(10968,)
(14066,)
(16752,)
(18950,)
(20593,)
(21634,)
(22044,)
(21808,)
(20936,)
(19452,)
(17399,)
(14837,)
(11842,)
(8501,)
(4912,)
(1178,)
(-2588,)
(-6280,)
(-9789,)
(-13011,)
(-15853,)
(-18232,)
(-20078,)
(-21337,)
(-21972,)
(-21965,)
(-21317,)
(-20045,)
(-18187,)
(-15798,)
(-12947,)
(-9718,)
(-6205,)
(-2510,)
(1257,)
(4988,)
(8574,)
(11909,)
(14895,)
(17447,)
(19489,)
(20961,)
(21820,)
(22042,)
(21619,)
(20565,)
(18909,)
(16701,)
(14005,)
(10899,)
(7475,)
(3833,)
(78,)
(-3678,)
(-7327,)
(-10762,)
(-13883,)
(-16598,)
(-18828,)
(-20507,)
(-21588,)
(-22037,)
(-21842,)
(-21009,)
(-19562,)
(-17543,)
(-15011,)
(-12041,)
(-8718,)
(-5141,)
(-1414,)
(2354,)
(6054,)
(9577,)
(12820,)
(15688,)
(18098,)
(19979,)
(21276,)
(21951,)
(21985,)
(21376,)
(20142,)
(18320,)
(15962,)
(13138,)
(9929,)
(6431,)
(2744,)
(-1021,)
(-4758,)
(-8356,)
(-11709,)
(-14721,)
(-17302,)
(-19377,)
(-20886,)
(-21785,)
(-22047,)
(-21664,)
(-20649,)
(-19029,)
(-16854,)
(-14186,)
(-11104,)
(-7697,)
(-4065,)
(-314,)
(3445,)
(7104,)
(10556,)
(13699,)
(16442,)
(18704,)
(20420,)
(21538,)
(22028,)
(21873,)
(21079,)
(19669,)
(17685,)
(15183,)
(12238,)
(8935,)
(5370,)
(1649,)
(-2119,)
(-5827,)
(-9364,)
(-12627,)
(-15522,)
(-17962,)
(-19878,)
(-21213,)
(-21928,)
(-22002,)
(-21432,)
(-20237,)
(-18450,)
(-16124,)
(-13326,)
(-10139,)
(-6656,)
(-2978,)
(786,)
(4528,)
(8137,)
(11509,)
(14544,)
(17155,)
(19263,)
(20809,)
(21747,)
(22049,)
(21707,)
(20730,)
(19148,)
(17005,)
(14366,)
(11307,)
(7917,)
(4296,)
(550,)
(-3212,)
(-6881,)
(-10348,)
(-13513,)
(-16284,)
(-18578,)
(-20329,)
(-21487,)
(-22016,)
(-21902,)
(-21147,)
(-19775,)
(-17824,)
(-15353,)
(-12433,)
(-9150,)
(-5599,)
(-1884,)
(1884,)
(5599,)
(9150,)
(12433,)
(15353,)
(17824,)
(19775,)
(21147,)
(21902,)
(22016,)
(21487,)
(20329,)
(18578,)
(16284,)
(13513,)
(10348,)
(6881,)
(3212,)
(-550,)
(-4296,)
(-7917,)
(-11307,)
(-14366,)
(-17005,)
(-19148,)
(-20730,)
(-21707,)
(-22049,)
(-21747,)
(-20809,)
(-19263,)
(-17155,)
(-14544,)
(-11509,)
(-8137,)
(-4528,)
(-786,)
(2978,)
(6656,)
(10139,)
(13326,)
(16124,)
(18450,)
(20237,)
(21432,)
(22002,)
(21928,)
(21213,)
(19878,)
(17962,)
(15522,)
(12627,)
(9364,)
(5827,)
(2119,)
(-1649,)
(-5370,)
(-8935,)
(-12238,)
(-15183,)
(-17685,)
(-19669,)
(-21079,)
(-21873,)
(-22028,)
(-21538,)
(-20420,)
(-18704,)
(-16442,)
(-13699,)
(-10556,)
(-7104,)
(-3445,)
(314,)
(4065,)
(7697,)
(11104,)
(14186,)
(16854,)
(19029,)
(20649,)
(21664,)
(22047,)
(21785,)
(20886,)
(19377,)
(17302,)
(14721,)
(11709,)
(8356,)
(4758,)
(1021,)
(-2744,)
(-6431,)
(-9929,)
(-13138,)
(-15962,)
(-18320,)
(-20142,)
(-21376,)
(-21985,)
(-21951,)
(-21276,)
(-19979,)
(-18098,)
(-15688,)
(-12820,)
(-9577,)
(-6054,)
(-2354,)
(1414,)
(5141,)
(8718,)
(12041,)
(15011,)
(17543,)
(19562,)
(21009,)
(21842,)
(22037,)
(21588,)
(20507,)
(18828,)
(16598,)
(13883,)
(10762,)
(7327,)
(3678,)
(-78,)
(-3833,)
(-7475,)
(-10899,)
(-14005,)
(-16701,)
(-18909,)
(-20565,)
(-21619,)
(-22042,)
(-21820,)
(-20961,)
(-19489,)
(-17447,)
(-14895,)
(-11909,)
(-8574,)
(-4988,)
(-1257,)
(2510,)
(6205,)
(9718,)
(12947,)
(15798,)
(18187,)
(20045,)
(21317,)
(21965,)
(21972,)
(21337,)
(20078,)
(18232,)
(15853,)
(13011,)
(9789,)
(6280,)
(2588,)
(-1178,)
(-4912,)
(-8501,)
(-11842,)
(-14837,)
(-17399,)
(-19452,)
(-20936,)
(-21808,)
(-22044,)
(-21634,)
(-20593,)
(-18950,)
(-16752,)
(-14066,)
(-10968,)
(-7549,)
(-3910,)
(-157,)
(3600,)
(7253,)
(10694,)
(13822,)
(16546,)
(18787,)
(20478,)
(21571,)
(22034,)
(21853,)
(21033,)
(19598,)
(17590,)
(15069,)
(12106,)
(8791,)
(5218,)
(1492,)
(-2276,)
(-5978,)
(-9506,)
(-12756,)
(-15633,)
(-18053,)
(-19946,)
(-21255,)
(-21944,)
(-21991,)
(-21395,)
(-20174,)
(-18363,)
(-16016,)
(-13201,)
(-9999,)
(-6506,)
(-2822,)
(943,)
(4681,)
(8283,)
(11643,)
(14662,)
(17253,)
(19339,)
(20861,)
(21772,)
(22048,)
(21679,)
(20676,)
(19069,)
(16905,)
(14246,)
(11172,)
(7770,)
(4142,)
(393,)
(-3367,)
(-7030,)
(-10487,)
(-13637,)
(-16389,)
(-18662,)
(-20390,)
(-21521,)
(-22024,)
(-21883,)
(-21102,)
(-19705,)
(-17731,)
(-15240,)
(-12303,)
(-9006,)
(-5447,)
(-1728,)
(2041,)
(5751,)
(9292,)
(12563,)
(15466,)
(17917,)
(19844,)
(21191,)
(21919,)
(22007,)
(21451,)
(20268,)
(18493,)
(16177,)
(13389,)
(10209,)
(6731,)
(3056,)
(-707,)
(-4451,)
(-8064,)
(-11442,)
(-14485,)
(-17105,)
(-19225,)
(-20783,)
(-21734,)
(-22049,)
(-21721,)
(-20757,)
(-19186,)
(-17055,)
(-14426,)
(-11374,)
(-7991,)
(-4374,)
(-628,)
(3134,)
(6806,)
(10279,)
(13451,)
(16231,)
(18536,)
(20299,)
(21469,)
(22011,)
(21911,)
(21169,)
(19809,)
(17871,)
(15409,)
(12498,)
(9221,)
(5675,)
(1963,)
(-1806,)
(-5523,)
(-9078,)
(-12368,)
(-15297,)
(-17778,)
(-19740,)
(-21125,)
(-21892,)
(-22020,)
(-21504,)
(-20360,)
(-18620,)
(-16337,)
(-13576,)
(-10418,)
(-6955,)
(-3290,)
(471,)
(4219,)
(7844,)
(11239,)
(14306,)
(16955,)
(19108,)
(20703,)
(21693,)
(22049,)
(21760,)
(20835,)
(19302,)
(17204,)
(14603,)
(11576,)
(8210,)
(4604,)
(864,)
(-2900,)
(-6581,)
(-10069,)
(-13264,)
(-16070,)
(-18407,)
(-20206,)
(-21414,)
(-21996,)
(-21936,)
(-21234,)
(-19912,)
(-18008,)
(-15577,)
(-12692,)
(-9435,)
(-5902,)
(-2197,)
(1571,)
(5294,)
(8863,)
(12172,)
(15126,)
(17638,)
(19634,)
(21056,)
(21863,)
(22031,)
(21555,)
(20449,)
(18746,)
(16494,)
(13761,)
(10625,)
(7179,)
(3523,)
(-235,)
(-3988,)
(-7623,)
(-11036,)
(-14126,)
(-16803,)
(-18990,)
(-20621,)
(-21649,)
(-22045,)
(-21797,)
(-20911,)
(-19415,)
(-17350,)
(-14779,)
(-11776,)
(-8429,)
(-4835,)
(-1100,)
(2666,)
(6356,)
(9859,)
(13074,)
(15908,)
(18276,)
(20110,)
(21356,)
(21979,)
(21958,)
(21296,)
(20012,)
(18143,)
(15743,)
(12884,)
(9648,)
(6129,)
(2432,)
(-1335,)
(-5065,)
(-8646,)
(-11975,)
(-14953,)
(-17495,)
(-19525,)
(-20985,)
(-21831,)
(-22039,)
(-21603,)
(-20536,)
(-18869,)
(-16650,)
(-13944,)
(-10831,)
(-7401,)
(-3755,)
(0,)
(3755,)
(7401,)
(10831,)
(13944,)
(16650,)
(18869,)
(20536,)
(21603,)
(22039,)
(21831,)
(20985,)
(19525,)
(17495,)
(14953,)
(11975,)
(8646,)
(5065,)
(1335,)
(-2432,)
(-6129,)
(-9648,)
(-12884,)
(-15743,)
(-18143,)
(-20012,)
(-21296,)
(-21958,)
(-21979,)
(-21356,)
(-20110,)
(-18276,)
(-15908,)
(-13074,)
(-9859,)
(-6356,)
(-2666,)
(1100,)
(4835,)
(8429,)
(11776,)
(14779,)
(17350,)
(19415,)
(20911,)
(21797,)
(22045,)
(21649,)
(20621,)
(18990,)
(16803,)
(14126,)
(11036,)
(7623,)
(3988,)
(235,)
(-3523,)
(-7179,)
(-10625,)
(-13761,)
(-16494,)
(-18746,)
(-20449,)
(-21555,)
(-22031,)
(-21863,)
(-21056,)
(-19634,)
(-17638,)
(-15126,)
(-12172,)
(-8863,)
(-5294,)
(-1571,)
(2197,)
(5902,)
(9435,)
(12692,)
(15577,)
(18008,)
(19912,)
(21234,)
(21936,)
(21996,)
(21414,)
(20206,)
(18407,)
(16070,)
(13264,)
(10069,)
(6581,)
(2900,)
(-864,)
(-4604,)
(-8210,)
(-11576,)
(-14603,)
(-17204,)
(-19302,)
(-20835,)
(-21760,)
(-22049,)
(-21693,)
(-20703,)
(-19108,)
(-16955,)
(-14306,)
(-11239,)
(-7844,)
(-4219,)
(-471,)
(3290,)
(6955,)
(10418,)
(13576,)
(16337,)
(18620,)
(20360,)
(21504,)
(22020,)
(21892,)
(21125,)
(19740,)
(17778,)
(15297,)
(12368,)
(9078,)
(5523,)
(1806,)
(-1963,)
(-5675,)
(-9221,)
(-12498,)
(-15409,)
(-17871,)
(-19809,)
(-21169,)
(-21911,)
(-22011,)
(-21469,)
(-20299,)
(-18536,)
(-16231,)
(-13451,)
(-10279,)
(-6806,)
(-3134,)
(628,)
(4374,)
(7991,)
(11374,)
(14426,)
(17055,)
(19186,)
(20757,)
(21721,)
(22049,)
(21734,)
(20783,)
(19225,)
(17105,)
(14485,)
(11442,)
(8064,)
(4451,)
(707,)
(-3056,)
(-6731,)
(-10209,)
(-13389,)
(-16177,)
(-18493,)
(-20268,)
(-21451,)
(-22007,)
(-21919,)
(-21191,)
(-19844,)
(-17917,)
(-15466,)
(-12563,)
(-9292,)
(-5751,)
(-2041,)
(1728,)
(5447,)
(9006,)
(12303,)
(15240,)
(17731,)
(19705,)
(21102,)
(21883,)
(22024,)
(21521,)
(20390,)
(18662,)
(16389,)
(13637,)
(10487,)
(7030,)
(3367,)
(-393,)
(-4142,)
(-7770,)
(-11172,)
(-14246,)
(-16905,)
(-19069,)
(-20676,)
(-21679,)
(-22048,)
(-21772,)
(-20861,)
(-19339,)
(-17253,)
(-14662,)
(-11643,)
(-8283,)
(-4681,)
(-943,)
(2822,)
(6506,)
(9999,)
(13201,)
(16016,)
(18363,)
(20174,)
(21395,)
(21991,)
(21944,)
(21255,)
(19946,)
(18053,)
(15633,)
(12756,)
(9506,)
(5978,)
(2276,)
(-1492,)
(-5218,)
(-8791,)
(-12106,)
(-15069,)
(-17590,)
(-19598,)
(-21033,)
(-21853,)
(-22034,)
(-21571,)
(-20478,)
(-18787,)
(-16546,)
(-13822,)
(-10694,)
(-7253,)
(-3600,)
(157,)
(3910,)
(7549,)
(10968,)
(14066,)
(16752,)
(18950,)
(20593,)
(21634,)
(22044,)
(21808,)
(20936,)
(19452,)
(17399,)
(14837,)
(11842,)
(8501,)
(4912,)
(1178,)
(-2588,)
(-6280,)
(-9789,)
(-13011,)
(-15853,)
(-18232,)
(-20078,)
(-21337,)
(-21972,)
(-21965,)
(-21317,)
(-20045,)
(-18187,)
(-15798,)
(-12947,)
(-9718,)
(-6205,)
(-2510,)
(1257,)
(4988,)
(8574,)
(11909,)
(14895,)
(17447,)
(19489,)
(20961,)
(21820,)
(22042,)
(21619,)
(20565,)
(18909,)
(16701,)
(14005,)
(10899,)
(7475,)
(3833,)
(78,)
(-3678,)
(-7327,)
(-10762,)
(-13883,)
(-16598,)
(-18828,)
(-20507,)
(-21588,)
(-22037,)
(-21842,)
(-21009,)
(-19562,)
(-17543,)
(-15011,)
(-12041,)
(-8718,)
(-5141,)
(-1414,)
(2354,)
(6054,)
(9577,)
(12820,)
(15688,)
(18098,)
(19979,)
(21276,)
(21951,)
(21985,)
(21376,)
(20142,)
(18320,)
(15962,)
(13138,)
(9929,)
(6431,)
(2744,)
(-1021,)
(-4758,)
(-8356,)
(-11709,)
(-14721,)
(-17302,)
(-19377,)
(-20886,)
(-21785,)
(-22047,)
(-21664,)
(-20649,)
(-19029,)
(-16854,)
(-14186,)
(-11104,)
(-7697,)
(-4065,)
(-314,)
(3445,)
(7104,)
(10556,)
(13699,)
(16442,)
(18704,)
(20420,)
(21538,)
(22028,)
(21873,)
(21079,)
(19669,)
(17685,)
(15183,)
(12238,)
(8935,)
(5370,)
(1649,)
(-2119,)
(-5827,)
(-9364,)
(-12627,)
(-15522,)
(-17962,)
(-19878,)
(-21213,)
(-21928,)
(-22002,)
(-21432,)
(-20237,)
(-18450,)
(-16124,)
(-13326,)
(-10139,)
(-6656,)
(-2978,)
(786,)
(4528,)
(8137,)
(11509,)
(14544,)
(17155,)
(19263,)
(20809,)
(21747,)
(22049,)
(21707,)
(20730,)
(19148,)
(17005,)
(14366,)
(11307,)
(7917,)
(4296,)
(550,)
(-3212,)
(-6881,)
(-10348,)
(-13513,)
(-16284,)
(-18578,)
(-20329,)
(-21487,)
(-22016,)
(-21902,)
(-21147,)
(-19775,)
(-17824,)
(-15353,)
(-12433,)
(-9150,)
(-5599,)
(-1884,)
(1884,)
(5599,)
(9150,)
(12433,)
(15353,)
(17824,)
(19775,)
(21147,)
(21902,)
(22016,)
(21487,)
(20329,)
(18578,)
(16284,)
(13513,)
(10348,)
(6881,)
(3212,)
(-550,)
(-4296,)
(-7917,)
(-11307,)
(-14366,)
(-17005,)
(-19148,)
(-20730,)
(-21707,)
(-22049,)
(-21747,)
(-20809,)
(-19263,)
(-17155,)
(-14544,)
(-11509,)
(-8137,)
(-4528,)
(-786,)
(2978,)
(6656,)
(10139,)
(13326,)
(16124,)
(18450,)
(20237,)
(21432,)
(22002,)
(21928,)
(21213,)
(19878,)
(17962,)
(15522,)
(12627,)
(9364,)
(5827,)
(2119,)
(-1649,)
(-5370,)
(-8935,)
(-12238,)
(-15183,)
(-17685,)
(-19669,)
(-21079,)
(-21873,)
(-22028,)
(-21538,)
(-20420,)
(-18704,)
(-16442,)
(-13699,)
(-10556,)
(-7104,)
(-3445,)
(314,)
(4065,)
(7697,)
(11104,)
(14186,)
(16854,)
(19029,)
(20649,)
(21664,)
(22047,)
(21785,)
(20886,)
(19377,)
(17302,)
(14721,)
(11709,)
(8356,)
(4758,)
(1021,)
(-2744,)
(-6431,)
(-9929,)
(-13138,)
(-15962,)
(-18320,)
(-20142,)
(-21376,)
(-21985,)
(-21951,)
(-21276,)
(-19979,)
(-18098,)
(-15688,)
(-12820,)
(-9577,)
(-6054,)
(-2354,)
(1414,)
(5141,)
(8718,)
(12041,)
(15011,)
(17543,)
(19562,)
(21009,)
(21842,)
(22037,)
(21588,)
(20507,)
(18828,)
(16598,)
(13883,)
(10762,)
(7327,)
(3678,)
(-78,)
(-3833,)
(-7475,)
(-10899,)
(-14005,)
(-16701,)
(-18909,)
(-20565,)
(-21619,)
(-22042,)
(-21820,)
(-20961,)
(-19489,)
(-17447,)
(-14895,)
(-11909,)
(-8574,)
(-4988,)
(-1257,)
(2510,)
(6205,)
(9718,)
(12947,)
(15798,)
(18187,)
(20045,)
(21317,)
(21965,)
(21972,)
(21337,)
(20078,)
(18232,)
(15853,)
(13011,)
(9789,)
(6280,)
(2588,)
(-1178,)
(-4912,)
(-8501,)
(-11842,)
(-14837,)
(-17399,)
(-19452,)
(-20936,)
(-21808,)
(-22044,)
(-21634,)
(-20593,)
(-18950,)
(-16752,)
(-14066,)
(-10968,)
(-7549,)
(-3910,)
(-157,)
(3600,)
(7253,)
(10694,)
(13822,)
(16546,)
(18787,)
(20478,)
(21571,)
(22034,)
(21853,)
(21033,)
(19598,)
(17590,)
(15069,)
(12106,)
(8791,)
(5218,)
(1492,)
(-2276,)
(-5978,)
(-9506,)
(-12756,)
(-15633,)
(-18053,)
(-19946,)
(-21255,)
(-21944,)
(-21991,)
(-21395,)
(-20174,)
(-18363,)
(-16016,)
(-13201,)
(-9999,)
(-6506,)
(-2822,)
(943,)
(4681,)
(8283,)
(11643,)
(14662,)
(17253,)
(19339,)
(20861,)
(21772,)
(22048,)
(21679,)
(20676,)
(19069,)
(16905,)
(14246,)
(11172,)
(7770,)
(4142,)
(393,)
(-3367,)
(-7030,)
(-10487,)
(-13637,)
(-16389,)
(-18662,)
(-20390,)
(-21521,)
(-22024,)
(-21883,)
(-21102,)
(-19705,)
(-17731,)
(-15240,)
(-12303,)
(-9006,)
(-5447,)
(-1728,)
(2041,)
(5751,)
(9292,)
(12563,)
(15466,)
(17917,)
(19844,)
(21191,)
(21919,)
(22007,)
(21451,)
(20268,)
(18493,)
(16177,)
(13389,)
(10209,)
(6731,)
(3056,)
(-707,)
(-4451,)
(-8064,)
(-11442,)
(-14485,)
(-17105,)
(-19225,)
(-20783,)
(-21734,)
(-22049,)
(-21721,)
(-20757,)
(-19186,)
(-17055,)
(-14426,)
(-11374,)
(-7991,)
(-4374,)
(-628,)
(3134,)
(6806,)
(10279,)
(13451,)
(16231,)
(18536,)
(20299,)
(21469,)
(22011,)
(21911,)
(21169,)
(19809,)
(17871,)
(15409,)
(12498,)
(9221,)
(5675,)
(1963,)
(-1806,)
(-5523,)
(-9078,)
(-12368,)
(-15297,)
(-17778,)
(-19740,)
(-21125,)
(-21892,)
(-22020,)
(-21504,)
(-20360,)
(-18620,)
(-16337,)
(-13576,)
(-10418,)
(-6955,)
(-3290,)
(471,)
(4219,)
(7844,)
(11239,)
(14306,)
(16955,)
(19108,)
(20703,)
(21693,)
(22049,)
(21760,)
(20835,)
(19302,)
(17204,)
(14603,)
(11576,)
(8210,)
(4604,)
(864,)
(-2900,)
(-6581,)
(-10069,)
(-13264,)
(-16070,)
(-18407,)
(-20206,)
(-21414,)
(-21996,)
(-21936,)
(-21234,)
(-19912,)
(-18008,)
(-15577,)
(-12692,)
(-9435,)
(-5902,)
(-2197,)
(1571,)
(5294,)
(8863,)
(12172,)
(15126,)
(17638,)
(19634,)
(21056,)
(21863,)
(22031,)
(21555,)
(20449,)
(18746,)
(16494,)
(13761,)
(10625,)
(7179,)
(3523,)
(-235,)
(-3988,)
(-7623,)
(-11036,)
(-14126,)
(-16803,)
(-18990,)
(-20621,)
(-21649,)
(-22045,)
(-21797,)
(-20911,)
(-19415,)
(-17350,)
(-14779,)
(-11776,)
(-8429,)
(-4835,)
(-1100,)
(2666,)
(6356,)
(9859,)
(13074,)
(15908,)
(18276,)
(20110,)
(21356,)
(21979,)
(21958,)
(21296,)
(20012,)
(18143,)
(15743,)
(12884,)
(9648,)
(6129,)
(2432,)
(-1335,)
(-5065,)
(-8646,)
(-11975,)
(-14953,)
(-17495,)
(-19525,)
(-20985,)
(-21831,)
(-22039,)
(-21603,)
(-20536,)
(-18869,)
(-16650,)
(-13944,)
(-10831,)
(-7401,)
(-3755,)
(0,)
(3755,)
(7401,)
(10831,)
(13944,)
(16650,)
(18869,)
(20536,)
(21603,)
(22039,)
(21831,)
(20985,)
(19525,)
(17495,)
(14953,)
(11975,)
(8646,)
(5065,)
(1335,)
(-2432,)
(-6129,)
(-9648,)
(-12884,)
(-15743,)
(-18143,)
(-20012,)
(-21296,)
(-21958,)
(-21979,)
(-21356,)
(-20110,)
(-18276,)
(-15908,)
(-13074,)
(-9859,)
(-6356,)
(-2666,)
(1100,)
(4835,)
(8429,)
(11776,)
(14779,)
(17350,)
(19415,)
(20911,)
(21797,)
(22045,)
(21649,)
(20621,)
(18990,)
(16803,)
(14126,)
(11036,)
(7623,)
(3988,)
(235,)
(-3523,)
(-7179,)
(-10625,)
(-13761,)
(-16494,)
(-18746,)
(-20449,)
(-21555,)
(-22031,)
(-21863,)
(-21056,)
(-19634,)
(-17638,)
(-15126,)
(-12172,)
(-8863,)
(-5294,)
(-1571,)
(2197,)
(5902,)
(9435,)
(12692,)
(15577,)
(18008,)
(19912,)
(21234,)
(21936,)
(21996,)
(21414,)
(20206,)
(18407,)
(16070,)
(13264,)
(10069,)
(6581,)
(2900,)
(-864,)
(-4604,)
(-8210,)
(-11576,)
(-14603,)
(-17204,)
(-19302,)
(-20835,)
(-21760,)
(-22049,)
(-21693,)
(-20703,)
(-19108,)
(-16955,)
(-14306,)
(-11239,)
(-7844,)
(-4219,)
(-471,)
(3290,)
(6955,)
(10418,)
(13576,)
(16337,)
(18620,)
(20360,)
(21504,)
(22020,)
(21892,)
(21125,)
(19740,)
(17778,)
(15297,)
(12368,)
(9078,)
(5523,)
(1806,)
(-1963,)
(-5675,)
(-9221,)
(-12498,)
(-15409,)
(-17871,)
(-19809,)
(-21169,)
(-21911,)
(-22011,)
(-21469,)
(-20299,)
(-18536,)
(-16231,)
(-13451,)
(-10279,)
(-6806,)
(-3134,)
(628,)
(4374,)
(7991,)
(11374,)
(14426,)
(17055,)
(19186,)
(20757,)
(21721,)
(22049,)
(21734,)
(20783,)
(19225,)
(17105,)
(14485,)
(11442,)
(8064,)
(4451,)
(707,)
(-3056,)
(-6731,)
(-10209,)
(-13389,)
(-16177,)
(-18493,)
(-20268,)
(-21451,)
(-22007,)
(-21919,)
(-21191,)
(-19844,)
(-17917,)
(-15466,)
(-12563,)
(-9292,)
(-5751,)
(-2041,)
(1728,)
(5447,)
(9006,)
(12303,)
(15240,)
(17731,)
(19705,)
(21102,)
(21883,)
(22024,)
(21521,)
(20390,)
(18662,)
(16389,)
(13637,)
(10487,)
(7030,)
(3367,)
(-393,)
(-4142,)
(-7770,)
(-11172,)
(-14246,)
(-16905,)
(-19069,)
(-20676,)
(-21679,)
(-22048,)
(-21772,)
(-20861,)
(-19339,)
(-17253,)
(-14662,)
(-11643,)
(-8283,)
(-4681,)
(-943,)
(2822,)
(6506,)
(9999,)
(13201,)
(16016,)
(18363,)
(20174,)
(21395,)
(21991,)
(21944,)
(21255,)
(19946,)
(18053,)
(15633,)
(12756,)
(9506,)
(5978,)
(2276,)
(-1492,)
(-5218,)
(-8791,)
(-12106,)
(-15069,)
(-17590,)
(-19598,)
(-21033,)
(-21853,)
(-22034,)
(-21571,)
(-20478,)
(-18787,)
(-16546,)
(-13822,)
(-10694,)
(-7253,)
(-3600,)
(157,)
(3910,)
(7549,)
(10968,)
(14066,)
(16752,)
(18950,)
(20593,)
(21634,)
(22044,)
(21808,)
(20936,)
(19452,)
(17399,)
(14837,)
(11842,)
(8501,)
(4912,)
(1178,)
(-2588,)
(-6280,)
(-9789,)
(-13011,)
(-15853,)
(-18232,)
(-20078,)
(-21337,)
(-21972,)
(-21965,)
(-21317,)
(-20045,)
(-18187,)
(-15798,)
(-12947,)
(-9718,)
(-6205,)
(-2510,)
(1257,)
(4988,)
(8574,)
(11909,)
(14895,)
(17447,)
(19489,)
(20961,)
(21820,)
(22042,)
(21619,)
(20565,)
(18909,)
(16701,)
(14005,)
(10899,)
(7475,)
(3833,)
(78,)
(-3678,)
(-7327,)
(-10762,)
(-13883,)
(-16598,)
(-18828,)
(-20507,)
(-21588,)
(-22037,)
(-21842,)
(-21009,)
(-19562,)
(-17543,)
(-15011,)
(-12041,)
(-8718,)
(-5141,)
(-1414,)
(2354,)
(6054,)
(9577,)
(12820,)
(15688,)
(18098,)
(19979,)
(21276,)
(21951,)
(21985,)
(21376,)
(20142,)
(18320,)
(15962,)
(13138,)
(9929,)
(6431,)
(2744,)
(-1021,)
(-4758,)
(-8356,)
(-11709,)
(-14721,)
(-17302,)
(-19377,)
(-20886,)
(-21785,)
(-22047,)
(-21664,)
(-20649,)
(-19029,)
(-16854,)
(-14186,)
(-11104,)
(-7697,)
(-4065,)
(-314,)
(3445,)
(7104,)
(10556,)
(13699,)
(16442,)
(18704,)
(20420,)
(21538,)
(22028,)
(21873,)
(21079,)
(19669,)
(17685,)
(15183,)
(12238,)
(8935,)
(5370,)
(1649,)
(-2119,)
(-5827,)
(-9364,)
(-12627,)
(-15522,)
(-17962,)
(-19878,)
(-21213,)
(-21928,)
(-22002,)
(-21432,)
(-20237,)
(-18450,)
(-16124,)
(-13326,)
(-10139,)
(-6656,)
(-2978,)
(786,)
(4528,)
(8137,)
(11509,)
(14544,)
(17155,)
(19263,)
(20809,)
(21747,)
(22049,)
(21707,)
(20730,)
(19148,)
(17005,)
(14366,)
(11307,)
(7917,)
(4296,)
(550,)
(-3212,)
(-6881,)
(-10348,)
(-13513,)
(-16284,)
(-18578,)
(-20329,)
(-21487,)
(-22016,)
(-21902,)
(-21147,)
(-19775,)
(-17824,)
(-15353,)
(-12433,)
(-9150,)
(-5599,)
(-1884,)
(1884,)
(5599,)
(9150,)
(12433,)
(15353,)
(17824,)
(19775,)
(21147,)
(21902,)
(22016,)
(21487,)
(20329,)
(18578,)
(16284,)
(13513,)
(10348,)
(6881,)
(3212,)
(-550,)
(-4296,)
(-7917,)
(-11307,)
(-14366,)
(-17005,)
(-19148,)
(-20730,)
(-21707,)
(-22049,)
(-21747,)
(-20809,)
(-19263,)
(-17155,)
(-14544,)
(-11509,)
(-8137,)
(-4528,)
(-786,)
(2978,)
(6656,)
(10139,)
(13326,)
(16124,)
(18450,)
(20237,)
(21432,)
(22002,)
(21928,)
(21213,)
(19878,)
(17962,)
(15522,)
(12627,)
(9364,)
(5827,)
(2119,)
(-1649,)
(-5370,)
(-8935,)
(-12238,)
(-15183,)
(-17685,)
(-19669,)
(-21079,)
(-21873,)
(-22028,)
(-21538,)
(-20420,)
(-18704,)
(-16442,)
(-13699,)
(-10556,)
(-7104,)
(-3445,)
(314,)
(4065,)
(7697,)
(11104,)
(14186,)
(16854,)
(19029,)
(20649,)
(21664,)
(22047,)
(21785,)
(20886,)
(19377,)
(17302,)
(14721,)
(11709,)
(8356,)
(4758,)
(1021,)
(-2744,)
(-6431,)
(-9929,)
(-13138,)
(-15962,)
(-18320,)
(-20142,)
(-21376,)
(-21985,)
(-21951,)
(-21276,)
(-19979,)
(-18098,)
(-15688,)
(-12820,)
(-9577,)
(-6054,)
(-2354,)
(1414,)
(5141,)
(8718,)
(12041,)
(15011,)
(17543,)
(19562,)
(21009,)
(21842,)
(22037,)
(21588,)
(20507,)
(18828,)
(16598,)
(13883,)
(10762,)
(7327,)
(3678,)
(-78,)
(-3833,)
(-7475,)
(-10899,)
(-14005,)
(-16701,)
(-18909,)
(-20565,)
(-21619,)
(-22042,)
(-21820,)
(-20961,)
(-19489,)
(-17447,)
(-14895,)
(-11909,)
(-8574,)
(-4988,)
(-1257,)
(2510,)
(6205,)
(9718,)
(12947,)
(15798,)
(18187,)
(20045,)
(-25472,)
(-11085,)
(-5656,)
(-1291,)
(-9733,)
(-17427,)
(32670,)
(-26470,)
(1381,)
(284,)
(274,)
(778,)
(24833,)
(13696,)
(25983,)
(-12289,)
(-3347,)
(-65,)
(-300,)
(-1794,)
(-8607,)
(6090,)
(9945,)
(2405,)
(11031,)
(24836,)
(12326,)
(4618,)
(13601,)
(-258,)
(24547,)
(-77,)
(-3426,)
(-264,)
(-25346,)
(501,)
(-897,)
(-5643,)
(25069,)
(8575,)
(-11027,)
(14664,)
(-25473,)
(832,)
(1507,)
(-25861,)
(17587,)
(5967,)
(383,)
(25345,)
(11080,)
(-1281,)
(-32764,)
(-24385,)
(24552,)
(1856,)
(274,)
(4687,)
(9746,)
(17472,)
(769,)
(266,)
(2305,)
(-1288,)
(-1976,)
(3356,)
(-19495,)
(3482,)
(-923,)
(8693,)
(-25388,)
(32670,)
(-3456,)
(6079,)
(25865,)
(-26111,)
(-25417,)
(-24354,)
(-24840,)
(26432,)
(-2328,)
(1281,)
(12442,)
(19528,)
(-25473,)
(-9739,)
(6125,)
(-80,)
(2305,)
(11084,)
(5759,)
(-13697,)
(12306,)
(-484,)
(510,)
(24557,)
(12490,)
(25498,)
(-1319,)
(-779,)
(-9975,)
(2555,)
(4859,)
(24865,)
(-25472,)
(-11185,)
(-2542,)
(-4610,)
(504,)
(-17452,)
(32749,)
(-1334,)
(-9857,)
(-12443,)
(-3583,)
(-192,)
(-3329,)
(-24861,)
(13601,)
(25932,)
(-440,)
(-6116,)
(-17626,)
(926,)
(-9887,)
(-8513,)
(24329,)
(-32704,)
(19583,)
(1348,)
(-25070,)
(24384,)
(-2553,)
(13601,)
(12364,)
(-25900,)
(-13820,)
(3407,)
(5926,)
(-1794,)
(-8577,)
(1290,)
(9746,)
(-24960,)
(-3333,)
(-2542,)
(-25346,)
(-6016,)
(-9747,)
(-24385,)
(383,)
(9732,)
(1408,)
(14593,)
(9855,)
(-12480,)
(-3457,)
(-11110,)
(19688,)
(-12491,)
(2038,)
(25345,)
(32729,)
(13601,)
(332,)
(3455,)
(-14847,)
(11031,)
(26495,)
(-24905,)
(-3397,)
(1019,)
(-3333,)
(-5953,)
(14775,)
(32591,)
(12385,)
(1308,)
(265,)
(2305,)
(-897,)
(24900,)
(-1409,)
(-264,)
(-1811,)
(-8467,)
(24358,)
(980,)
(926,)
(5760,)
(5906,)
(24329,)
(263,)
(-9980,)
(-5860,)
(-1409,)
(-13637,)
(-4619,)
(-285,)
(-1794,)
(-17413,)
(-12317,)
(17562,)
(24448,)
(8520,)
(3329,)
(279,)
(26447,)
(12525,)
(25420,)
(-25368,)
(-12361,)
(-3362,)
(-5637,)
(-32517,)
(-12317,)
(26411,)
(-9975,)
(5869,)
(3583,)
(2029,)
(3519,)
(4646,)
(13800,)
(-25346,)
(-5961,)
(-3566,)
(32757,)
(-24479,)
(6079,)
(-8467,)
(-19584,)
(-9912,)
(19484,)
(-25084,)
(3346,)
(1308,)
(-505,)
(13586,)
(24532,)
(-24449,)
(-77,)
(-1314,)
(-12535,)
(-2047,)
(-24339,)
(-14776,)
(-32640,)
(357,)
(8449,)
(12306,)
(-6072,)
(-25593,)
(-12386,)
(-1309,)
(6143,)
(-3333,)
(-14621,)
(-5865,)
(25472,)
(-25016,)
(3530,)
(-2406,)
(-336,)
(-6016,)
(25416,)
(414,)
(17505,)
(5931,)
(332,)
(2305,)
(-13801,)
(24850,)
(-14847,)
(-1861,)
(-8676,)
(-19708,)
(-5642,)
(-1324,)
(-1378,)
(1810,)
(6079,)
(4615,)
(13569,)
(-3583,)
(1507,)
(-25070,)
(-11185,)
(12415,)
(-1872,)
(-5642,)
(3540,)
(-32610,)
(25416,)
(5931,)
(-12480,)
(1507,)
(14593,)
(-3551,)
(24448,)
(951,)
(-13645,)
(12510,)
(3574,)
(-2044,)
(32749,)
(12316,)
(5952,)
(1298,)
(-12491,)
(-14621,)
(24900,)
(-3577,)
(14783,)
(-2377,)
(-258,)
(-5898,)
(-24364,)
(32550,)
(-1951,)
(5916,)
(-19510,)
(-32641,)
(11191,)
(-797,)
(1983,)
(-3333,)
(-12317,)
(-275,)
(-5898,)
(-17452,)
(-13666,)
(478,)
(-469,)
(12316,)
(-8703,)
(-26497,)
(-32614,)
(-5651,)
(-11,)
(2043,)
(-258,)
(4791,)
(25520,)
(-32750,)
(3329,)
(9907,)
(-4854,)
(2332,)
(-2025,)
(25069,)
(-19529,)
(-26470,)
(19707,)
(-5760,)
(9746,)
(-841,)
(25472,)
(12385,)
(3371,)
(265,)
(3507,)
(12326,)
(-1281,)
(-1811,)
(-11254,)
(24547,)
(9807,)
(-3483,)
(-17452,)
(9746,)
(384,)
(-981,)
(3573,)
(-1460,)
(-26089,)
(-9805,)
(14664,)
(24568,)
(-1984,)
(-258,)
(-5942,)
(-17413,)
(19557,)
(17535,)
(1920,)
(473,)
(2305,)
(493,)
(26047,)
(-25984,)
(-26552,)
(-25582,)
(14775,)
(-5898,)
(24384,)
(-24325,)
(17599,)
(-25562,)
(265,)
(1864,)
(11009,)
(-5881,)
(3332,)
(-996,)
(-2433,)
(-258,)
(-5922,)
(-17437,)
(14846,)
(17645,)
(-12501,)
(-9801,)
(-24385,)
(8576,)
(24900,)
(-25087,)
(3504,)
(9761,)
(-436,)
(-6017,)
(-13641,)
(-4642,)
(-5,)
(-3541,)
(-24567,)
(5834,)
(11072,)
(24850,)
(8458,)
(-11226,)
(3329,)
(12316,)
(25520,)
(-1409,)
(-25954,)
(-9747,)
(-5697,)
(-3457,)
(-2047,)
(1303,)
(24833,)
(-25070,)
(24330,)
(-2559,)
(-9966,)
(12316,)
(4687,)
(-25473,)
(-24393,)
(-5761,)
(265,)
(-1006,)
(-12521,)
(-25346,)
(-8576,)
(-11192,)
(-2532,)
(357,)
(3583,)
(-9956,)
(32513,)
(24447,)
(26401,)
(26083,)
(1531,)
(-13573,)
(-12476,)
(-24905,)
(25589,)
(12520,)
(-1282,)
(-32531,)
(19557,)
(8606,)
(1889,)
(5931,)
(4618,)
(-3583,)
(-192,)
(24900,)
(-13645,)
(-11081,)
(-776,)
(12360,)
(-24331,)
(383,)
(-26470,)
(12306,)
(5889,)
(-25473,)
(-12480,)
(4615,)
(5883,)
(25984,)
(-12289,)
(-13592,)
(-24448,)
(-6072,)
(3356,)
(511,)
(17610,)
(12316,)
(24329,)
(2432,)
(1871,)
(-3583,)
(896,)
(-11263,)
(-12353,)
(-385,)
(25408,)
(-4792,)
(3576,)
(-1951,)
(3565,)
(458,)
(2305,)
(19479,)
(-12476,)
(2029,)
(-69,)
(-2309,)
(-479,)
(1463,)
(5844,)
(32530,)
(17630,)
(299,)
(260,)
(-8467,)
(25416,)
(-25532,)
(-24905,)
(-3397,)
(-2384,)
(26619,)
(-6137,)
(-17626,)
(778,)
(17535,)
(6067,)
(265,)
(3407,)
(11262,)
(-8632,)
(-19510,)
(9973,)
(-2459,)
(-5835,)
(-5898,)
(257,)
(-32641,)
(17487,)
(5869,)
(-1527,)
(260,)
(-24553,)
(12326,)
(-24961,)
(1467,)
(-14665,)
(-32750,)
(-6080,)
(-17413,)
(1810,)
(-25503,)
(25472,)
(13577,)
(2305,)
(11135,)
(-13820,)
(-24960,)
(5704,)
(-1816,)
(-258,)
(-19585,)
(-32556,)
(32729,)
(17635,)
(-9801,)
(257,)
(12289,)
(-26601,)
(26496,)
(1407,)
(5660,)
(25416,)
(-24328,)
(-5898,)
(-8477,)
(-1378,)
(-9887,)
(19683,)
(439,)
(25345,)
(11031,)
(3356,)
(13696,)
(26032,)
(-2532,)
(14771,)
(-4618,)
(-1353,)
(-9747,)
(-159,)
(-19669,)
(-12390,)
(19639,)
(11009,)
(24900,)
(-960,)
(-24449,)
(3519,)
(-1299,)
(-5898,)
(-9857,)
(14783,)
(17535,)
(832,)
(265,)
(5633,)
(14610,)
(24933,)
(-24961,)
(-11246,)
(493,)
(-508,)
(-9956,)
(26047,)
(-25985,)
(17505,)
(6110,)
(265,)
(2558,)
(-8640,)
(25034,)
(5786,)
(19494,)
(8476,)
(-9857,)
(3504,)
(12500,)
(-866,)
(25953,)
(-25929,)
(483,)
(-4800,)
(-385,)
(-1969,)
(-25562,)
(-11254,)
(-9752,)
(-24548,)
(260,)
(26372,)
(-32767,)
(-14672,)
(9945,)
(25865,)
(-3357,)
(-65,)
(-14631,)
(-1309,)
(-1865,)
(25576,)
(-258,)
(-5990,)
(19457,)
(1284,)
(12316,)
(26432,)
(4615,)
(13751,)
(-5865,)
(-1291,)
(-3347,)
(-12357,)
(24503,)
(-384,)
(1408,)
(14620,)
(32516,)
(17412,)
(8501,)
(1810,)
(-1535,)
(-12521,)
(-26556,)
(26032,)
(24447,)
(9907,)
(-25346,)
(-384,)
(-14594,)
(3356,)
(17536,)
(-32725,)
(493,)
(821,)
(1793,)
(-12361,)
(14720,)
(-11185,)
(1531,)
(-285,)
(-13578,)
(-960,)
(12415,)
(17505,)
(-1532,)
(511,)
(12316,)
(25445,)
(-25532,)
(-24960,)
(257,)
(-2559,)
(-474,)
(24396,)
(-24364,)
(25520,)
(12510,)
(-484,)
(265,)
(-8700,)
(-14825,)
(25412,)
(26495,)
(8631,)
(-2542,)
(257,)
(-24330,)
(-17437,)
(-25524,)
(-1439,)
(5960,)
(284,)
(-5640,)
(-1984,)
(1348,)
(-24960,)
(-14631,)
(-2377,)
(26622,)
(-5893,)
(-17452,)
(32767,)
(17591,)
(5708,)
(12415,)
(2332,)
(11012,)
(-444,)
(-25060,)
(25416,)
(-24344,)
(-32523,)
(-3483,)
(8699,)
(-9826,)
(-12543,)
(6071,)
(25353,)
(769,)
(3329,)
(14771,)
(3456,)
(-11077,)
(-1816,)
(-8577,)
(-5898,)
(-32531,)
(19647,)
(-14597,)
(5952,)
(1289,)
(25345,)
(11031,)
(24348,)
(896,)
(-9980,)
(12525,)
(-264,)
(-1811,)
(-14611,)
(-5761,)
(-102,)
(19707,)
(-5643,)
(9911,)
(24343,)
(26440,)
(3407,)
(-11188,)
(772,)
(769,)
(5642,)
(-25388,)
(-12465,)
(1517,)
(-213,)
(-32750,)
(2305,)
(11135,)
(-5870,)
(473,)
(-11236,)
(13696,)
(14668,)
(-6106,)
(-17485,)
(-4706,)
(-12296,)
(6115,)
(265,)
(2431,)
(-9757,)
(-1468,)
(25589,)
(-11009,)
(3356,)
(4612,)
(-6140,)
(12416,)
(25502,)
(17505,)
(24542,)
(-24328,)
(-255,)
(11046,)
(24900,)
(-26496,)
(-14672,)
(-2488,)
(3582,)
(-6126,)
(3335,)
(32670,)
(24384,)
(-25473,)
(-12535,)
(-4627,)
(-502,)
(-9747,)
(-24861,)
(14630,)
(9856,)
(-440,)
(1308,)
(9732,)
(3573,)
(-24569,)
(5960,)
(493,)
(-25936,)
(26595,)
(-4642,)
(24448,)
(-11254,)
(951,)
(1281,)
(-32750,)
(3429,)
(309,)
(1968,)
(-5887,)
(25589,)
(13805,)
(25879,)
(-14631,)
(-13696,)
(-11077,)
(-511,)
(-25417,)
(25581,)
(12490,)
(3486,)
(353,)
(26623,)
(1810,)
(447,)
(4631,)
(24896,)
(-797,)
(-5637,)
(-2309,)
(-26560,)
(-264,)
(14804,)
(-1498,)
(3583,)
(-32614,)
(260,)
(2305,)
(11026,)
(274,)
(-12361,)
(9761,)
(24552,)
(-24322,)
(-9739,)
(-17452,)
(25592,)
(-1976,)
(3371,)
(458,)
(3482,)
(1381,)
(5700,)
(-25472,)
(-12357,)
(-2553,)
(-261,)
(-5893,)
(-25885,)
(-9826,)
(-4673,)
(12360,)
(-26615,)
(1281,)
(11087,)
(5650,)
(-24987,)
(-24389,)
(5650,)
(-474,)
(-5889,)
(-17413,)
(26047,)
(-26015,)
(-13645,)
(12510,)
(2332,)
(279,)
(3396,)
(-25060,)
(-11077,)
(-25473,)
(951,)
(-3357,)
(-255,)
(14750,)
(26401,)
(5931,)
(1456,)
(12360,)
(-996,)
(504,)
(3456,)
(12525,)
(25520,)
(-25473,)
(19702,)
(-3357,)
(32670,)
(-3583,)
(4615,)
(13577,)
(2383,)
(11135,)
(24900,)
(-24851,)
(-776,)
(-1793,)
(-5697,)
(-6017,)
(-17488,)
(-3357,)
(-5,)
(5650,)
(320,)
(4791,)
(25377,)
(14660,)
(3456,)
(-11077,)
(-24385,)
(-295,)
(9800,)
(-17452,)
(-12342,)
(-3566,)
(-26373,)
(8501,)
(2531,)
(257,)
(25351,)
(12360,)
(25932,)
(-2328,)
(9982,)
(12510,)
(25556,)
(-25442,)
(-8521,)
(6115,)
(-5,)
(19693,)
(11061,)
(-25472,)
(383,)
(-11192,)
(9756,)
(260,)
(-6017,)
(12467,)
(24478,)
(-385,)
(6142,)
(-8695,)
(2555,)
(-773,)
(-12443,)
(24537,)
(25362,)
(274,)
(4862,)
(-5898,)
(3540,)
(32639,)
(5811,)
(-25473,)
(-1288,)
(-3330,)
(-14611,)
(-5760,)
(-24960,)
(-25345,)
(8576,)
(9945,)
(24566,)
(-24569,)
(-32735,)
(25894,)
(-25857,)
(-9805,)
(-4642,)
(11046,)
(-188,)
(-3457,)
(-12368,)
(9911,)
(-411,)
(-24321,)
(2004,)
(493,)
(-1281,)
(-9956,)
(-24567,)
(-25473,)
(11191,)
(24833,)
(-24840,)
(14843,)
(-12317,)
(-384,)
(-32522,)
(-1324,)
(3486,)
(1796,)
(3519,)
(24447,)
(-26448,)
(25874,)
(14660,)
(9955,)
(-11042,)
(-280,)
(-1857,)
(14775,)
(26580,)
(12360,)
(3425,)
(24373,)
(3346,)
(12289,)
(4609,)
(24959,)
(25932,)
(-3457,)
(-2369,)
(-258,)
(-5896,)
(980,)
(-8513,)
(12385,)
(3482,)
(274,)
(3332,)
(1820,)
(24904,)
(-897,)
(13755,)
(-2323,)
(-80,)
(-3347,)
(-12322,)
(-25352,)
(17536,)
(-8703,)
(1281,)
(14746,)
(3351,)
(24860,)
(-24897,)
(-25363,)
(-12312,)
(-797,)
(-5642,)
(-25900,)
(-12368,)
(-25503,)
(5931,)
(12542,)
(3338,)
(-24572,)
(-9980,)
(14719,)
(-11192,)
(2024,)
(447,)
(-3577,)
(-17452,)
(32763,)
(-5661,)
(-25417,)
(24448,)
(12416,)
(3351,)
(24836,)
(-24960,)
(955,)
(-2488,)
(14846,)
(-6126,)
(-3566,)
(-14597,)
(-3551,)
(24565,)
(-25985,)
(-9793,)
(-1299,)
(-1468,)
(-24834,)
(3515,)
(12316,)
(9982,)
(-5898,)
(-12543,)
(9746,)
(-159,)
(-24533,)
(265,)
(2380,)
(11253,)
(25069,)
(-5666,)
(24568,)
(3392,)
(26396,)
(-6065,)
(-32556,)
(24330,)
(-3487,)
(5898,)
(257,)
(-12465,)
(11191,)
(-14657,)
(24447,)
(-13637,)
(-2542,)
(-258,)
(-5890,)
(-8640,)
(-25398,)
(-12361,)
(-1498,)
(-246,)
(-3566,)
(-24349,)
(24900,)
(-25024,)
(-26548,)
(3455,)
(-508,)
(-5922,)
(-17409,)
(25535,)
(-25363,)
(-26422,)
(410,)
(2555,)
(5685,)
(1856,)
(1281,)
(25354,)
(13601,)
(25920,)
(-26497,)
(3519,)
(12316,)
(-952,)
(-787,)
(493,)
(-3583,)
(11162,)
(1381,)
(1281,)
(1830,)
(896,)
(4680,)
(-5898,)
(25860,)
(32670,)
(-13645,)
(25535,)
(383,)
(-12361,)
(1517,)
(-19644,)
(-25070,)
(-11088,)
(-2328,)
(-9730,)
(12525,)
(4618,)
(414,)
(3404,)
(12316,)
(25416,)
(-26623,)
(-12521,)
(-3367,)
(-779,)
(-24389,)
(-2315,)
(-329,)
(-1408,)
(-17646,)
(-24418,)
(17412,)
(3361,)
(12316,)
(2376,)
(11135,)
(-12476,)
(-24840,)
(-1794,)
(-2323,)
(-1282,)
(-5990,)
(19668,)
(8665,)
(9904,)
(1408,)
(3337,)
(13601,)
(832,)
(24960,)
(-24909,)
(-1349,)
(-1,)
(-26370,)
(-8513,)
(-17481,)
(32640,)
(1352,)
(3356,)
(-14844,)
(2308,)
(11135,)
(13601,)
(25983,)
(-11137,)
(769,)
(-4610,)
(-5898,)
(-17585,)
(32749,)
(25520,)
(9800,)
(19701,)
(2308,)
(3351,)
(-1535,)
(25416,)
(-11077,)
(25932,)
(-258,)
(-5,)
(-17442,)
(5790,)
(-2010,)
(-8625,)
(328,)
(2480,)
(473,)
(24836,)
(12416,)
(-5643,)
(-14841,)
(13822,)
(26496,)
(-44,)
(-32589,)
(832,)
(1016,)
(5823,)
(-1464,)
(11031,)
(-26470,)
(19583,)
(-11047,)
(-2328,)
(510,)
(-5898,)
(9955,)
(-32592,)
(-26015,)
(-12317,)
(-25363,)
(-384,)
(11031,)
(25069,)
(-19585,)
(-32614,)
(-26392,)
(8624,)
(2009,)
(24532,)
(-3457,)
(17441,)
(6105,)
(-1309,)
(-13823,)
(25535,)
(24448,)
(832,)
(-11077,)
(5633,)
(12326,)
(24421,)
(-25547,)
(-9801,)
(17635,)
(5895,)
(511,)
(-12317,)
(-14720,)
(-13648,)
(-4846,)
(-11077,)
(274,)
(-508,)
(12415,)
(-17510,)
(19494,)
(-1439,)
(6015,)
(-24325,)
(-5637,)
(-12521,)
(24850,)
(-25087,)
(9945,)
(24384,)
(26622,)
(-2044,)
(-17452,)
(-1464,)
(17645,)
(19466,)
(8575,)
(2305,)
(1303,)
(24839,)
(9761,)
(25984,)
(12416,)
(-258,)
(-1299,)
(-1324,)
(-1794,)
(14829,)
(24447,)
(-12390,)
(1281,)
(-5,)
(24850,)
(24384,)
(-25413,)
(-2369,)
(-1282,)
(-1281,)
(-13569,)
(32670,)
(24448,)
(-1976,)
(26495,)
(-19633,)
(-3566,)
(-155,)
(-3333,)
(-12317,)
(493,)
(25598,)
(-6017,)
(3540,)
(24478,)
(3425,)
(5931,)
(25345,)
(2431,)
(-8640,)
(-19485,)
(-32640,)
(5819,)
(1000,)
(-25599,)
(25354,)
(4820,)
(13596,)
(260,)
(-26069,)
(-5860,)
(2305,)
(-25345,)
(24900,)
(-8576,)
(-80,)
(-2406,)
(14846,)
(8501,)
(1920,)
(12306,)
(17436,)
(5931,)
(25935,)
(-24548,)
(25416,)
(24900,)
(-24905,)
(-1794,)
(-8472,)
(-385,)
(-12317,)
(1463,)
(8606,)
(12326,)
(5931,)
(-24567,)
(2305,)
(11031,)
(-1468,)
(-13697,)
(-11088,)
(-3336,)
(9973,)
(-3333,)
(-12342,)
(-25442,)
(24384,)
(-24504,)
(1820,)
(2305,)
(4615,)
(-9956,)
(26047,)
(-26074,)
(-2328,)
(-494,)
(-5968,)
(-1797,)
(-8467,)
(-24393,)
(25498,)
(12525,)
(2480,)
(26391,)
(447,)
(4736,)
(9792,)
(25932,)
(-12417,)
(9955,)
(-4652,)
(-3457,)
(17505,)
(-25417,)
(-1527,)
(2541,)
(11031,)
(260,)
(-25024,)
(26496,)
(-2488,)
(-25567,)
(-12361,)
(-3372,)
(-98,)
(14843,)
(-285,)
(265,)
(-8467,)
(11080,)
(24900,)
(19557,)
(8635,)
(2024,)
(257,)
(-24569,)
(13601,)
(-3426,)
(17505,)
(6067,)
(-4637,)
(14593,)
(25472,)
(12356,)
(-25060,)
(-5884,)
(3332,)
(-385,)
(25416,)
(-17663,)
(-26369,)
(13601,)
(6139,)
(507,)
(9729,)
(-4841,)
(25592,)
(12416,)
(26555,)
(488,)
(-9980,)
(-5642,)
(8703,)
(-25442,)
(501,)
(4615,)
(9792,)
(26386,)
(-25885,)
(-25532,)
(896,)
(955,)
(-9956,)
(-258,)
(3332,)
(-9830,)
(25520,)
(-25503,)
(1856,)
(265,)
(4615,)
(11041,)
(25920,)
(-24393,)
(-13645,)
(12510,)
(3582,)
(502,)
(-8694,)
(32714,)
(9800,)
(5989,)
(-14665,)
(2305,)
(-255,)
(-24508,)
(-5661,)
(26039,)
(-26496,)
(-333,)
(-5898,)
(-17537,)
(3332,)
(12385,)
(5931,)
(274,)
(-12480,)
(11135,)
(-14657,)
(-3583,)
(-11077,)
(-792,)
(25984,)
(-25984,)
(9756,)
(-32610,)
(14689,)
(5650,)
(320,)
(-19585,)
(-32585,)
(25059,)
(-5,)
(-9747,)
(-12317,)
(-25593,)
(13601,)
(1352,)
(-25985,)
(17426,)
(6110,)
(-24548,)
(14664,)
(-25562,)
(-19529,)
(922,)
(-246,)
(-3333,)
(9982,)
(-5961,)
(1492,)
(-5671,)
(25932,)
(6015,)
(-5879,)
(-1299,)
(-1281,)
(24960,)
(-24905,)
(-11077,)
(778,)
(-494,)
(-5917,)
(9746,)
(32670,)
(4735,)
(3371,)
(260,)
(-25857,)
(-1001,)
(25412,)
(24568,)
(-11077,)
(-3347,)
(-258,)
(5670,)
(24330,)
(-25442,)
(17505,)
(14593,)
(3335,)
(2308,)
(3351,)
(-25985,)
(-952,)
(-11042,)
(-329,)
(9955,)
(-10,)
(-17462,)
(-32577,)
(-25363,)
(-1526,)
(12289,)
(5823,)
(24343,)
(9732,)
(12415,)
(-11192,)
(-13592,)
(-12290,)
(-266,)
(-1794,)
(-8467,)
(17663,)
(-25446,)
(14601,)
(8576,)
(1815,)
(274,)
(5639,)
(9915,)
(24552,)
(-26370,)
(-5965,)
(-3367,)
(32767,)
(17659,)
(-12317,)
(-19703,)
(2368,)
(11031,)
(3407,)
(294,)
(772,)
(4736,)
(-258,)
(-25354,)
(-25900,)
(-3357,)
(-14751,)
(5931,)
(-12290,)
(-8467,)
(25589,)
(-32700,)
(24448,)
(26555,)
(2024,)
(284,)
(4615,)
(-25567,)
(32670,)
(24447,)
(-213,)
(-3362,)
(-12543,)
(11262,)
(25581,)
(-897,)
(-5643,)
(19557,)
(-508,)
(1810,)
(-24364,)
(24478,)
(13601,)
(-3357,)
(5759,)
(-13645,)
(24384,)
(-385,)
(-9857,)
(12525,)
(-19684,)
(510,)
(-5642,)
(24448,)
(32584,)
(26369,)
(4791,)
(-3357,)
(25857,)
(-25985,)
(5823,)
(-24905,)
(-433,)
(-1794,)
(-484,)
(-5927,)
(3392,)
(12306,)
(8545,)
(-25582,)
(-26448,)
(26369,)
(13591,)
(25924,)
(-25985,)
(-11077,)
(-24354,)
(-258,)
(-2020,)
(1284,)
(-19708,)
(9825,)
(5960,)
(8703,)
(-12526,)
(-3561,)
(4676,)
(13805,)
(14819,)
(-2433,)
(-13570,)
(12360,)
(-511,)
(-2010,)
(17505,)
(12316,)
(-32696,)
(-1319,)
(-12289,)
(2029,)
(257,)
(-3367,)
(13795,)
(-329,)
(-25985,)
(-13806,)
(-4854,)
(504,)
(5898,)
(-8695,)
(2376,)
(-9961,)
(-14672,)
(-3531,)
(-11077,)
(1512,)
(-5881,)
(13814,)
(25408,)
(-25954,)
(3356,)
(-1299,)
(-1288,)
(2332,)
(-24553,)
(24870,)
(26496,)
(1467,)
(-2507,)
(-5637,)
(320,)
(4615,)
(-5730,)
(25928,)
(6015,)
(-9975,)
(2526,)
(-474,)
(25598,)
(-24960,)
(1463,)
(-3546,)
(-433,)
(-24325,)
(-12317,)
(-25599,)
(-1529,)
(12331,)
(3404,)
(260,)
(9751,)
(24850,)
(-433,)
(9766,)
(-8521,)
(-19711,)
(-246,)
(14829,)
(-12465,)
(-25473,)
(25535,)
(4736,)
(-991,)
(1303,)
(1525,)
(-14720,)
(-11077,)
(-385,)
(-258,)
(-3347,)
(-19457,)
(-9733,)
(5823,)
(6016,)
(384,)
(384,)
(3335,)
(24900,)
(-25012,)
(-25985,)
(-2328,)
(-14631,)
(-12368,)
(-9730,)
(-32610,)
(-19461,)
(5931,)
(-25591,)
(2357,)
(11026,)
(24384,)
(-24961,)
(3519,)
(-2328,)
(-1464,)
(-13645,)
(-12332,)
(32670,)
(17505,)
(26619,)
(335,)
(5786,)
(11072,)
(24833,)
(1810,)
(-11027,)
(-1281,)
(-258,)
(-14776,)
(-25473,)
(32691,)
(-769,)
(-5637,)
(-14830,)
(-12543,)
(-19510,)
(25412,)
(-24987,)
(8635,)
(-2556,)
(510,)
(14620,)
(-17452,)
(1438,)
(17535,)
(-13645,)
(478,)
(-3336,)
(-12353,)
(24900,)
(-24833,)
(12525,)
(-24548,)
(260,)
(786,)
(12289,)
(32670,)
(17505,)
(5931,)
(-26615,)
(2483,)
(-4627,)
(-1309,)
(-24834,)
(-24389,)
(-19640,)
(-484,)
(-6043,)
(3381,)
(9886,)
(17409,)
(-24449,)
(-12534,)
(-3357,)
(-25857,)
(-3516,)
(-4642,)
(-11081,)
(-2306,)
(-8632,)
(-5642,)
(-14636,)
(3429,)
(12316,)
(25387,)
(265,)
(-12534,)
(-3357,)
(24908,)
(-24961,)
(-11200,)
(-2338,)
(-14847,)
(12360,)
(-8676,)
(32516,)
(17653,)
(5916,)
(265,)
(-9966,)
(257,)
(25059,)
(-5,)
(-11188,)
(-2328,)
(14775,)
(25408,)
(-17536,)
(32670,)
(-8607,)
(-1020,)
(284,)
(-24575,)
(-14721,)
(-12476,)
(26496,)
(-69,)
(-3546,)
(-258,)
(-25472,)
(5823,)
(-4826,)
(3425,)
(5931,)
(3332,)
(12316,)
(-960,)
(19524,)
(8693,)
(9746,)
(-80,)
(-384,)
(13795,)
(25894,)
(-25857,)
(-9887,)
(3519,)
(-503,)
(9807,)
(-8676,)
(25412,)
(-24961,)
(-11163,)
(-3329,)
(-321,)
(-5898,)
(-12317,)
(-25363,)
(14720,)
(12415,)
(320,)
(-4846,)
(11012,)
(-1980,)
(24448,)
(-25398,)
(-32577,)
(-3357,)
(-1281,)
(-3329,)
(32739,)
(24448,)
(6016,)
(1298,)
(1281,)
(-13820,)
(990,)
(-384,)
(5704,)
(-25363,)
(-258,)
(-3357,)
(-44,)
(32639,)
(1810,)
(-25582,)
(25351,)
(12360,)
(3404,)
(383,)
(3407,)
(-1299,)
(-264,)
(-1794,)
(-6134,)
(-19500,)
(-32614,)
(17505,)
(5941,)
(9746,)
(24448,)
(11015,)
(13636,)
(-25012,)
(-11009,)
(-2323,)
(-24354,)
(24568,)
(980,)
(-32750,)
(-159,)
(-3430,)
(-12317,)
(-24523,)
(25362,)
(-1464,)
(-25081,)
(13572,)
(-24572,)
(12415,)
(25590,)
(26496,)
(1359,)
(-1821,)
(811,)
(265,)
(-32767,)
(11191,)
(24885,)
(-26496,)
(-11077,)
(-2343,)
(3582,)
(1526,)
(-26111,)
(-14830,)
(-12368,)
(5931,)
(-1797,)
(2342,)
(-12317,)
(-25417,)
(-24960,)
(12341,)
(3356,)
(-26606,)
(3332,)
(-5855,)
(26014,)
(17536,)
(-12365,)
(-4855,)
(-255,)
(-3330,)
(25059,)
(5760,)
(896,)
(-2459,)
(1333,)
(14610,)
(24399,)
(32540,)
(-14672,)
(5964,)
(-12289,)
(-797,)
(-11,)
(-3336,)
(-24912,)
(1463,)
(14824,)
(12326,)
(24330,)
(8452,)
(-32577,)
(12289,)
(4680,)
(493,)
(26047,)
(11136,)
(24900,)
(-24960,)
(1525,)
(9945,)
(24574,)
(12360,)
(3540,)
(-32667,)
(8703,)
(12289,)
(5823,)
(2311,)
(11191,)
(-26397,)
(-129,)
(-13637,)
(-12317,)
(-25352,)
(-5890,)
(12500,)
(-32566,)
(17505,)
(5892,)
(12297,)
(1864,)
(279,)
(1463,)
(13601,)
(-11013,)
(-26497,)
(-13597,)
(-1353,)
(25589,)
(-32610,)
(3425,)
(-14844,)
(-26448,)
(12289,)
(11031,)
(24900,)
(-25078,)
(-24449,)
(13759,)
(-1498,)
(-25866,)
(-25388,)
(25502,)
(12505,)
(5931,)
(511,)
(-19711,)
(-14830,)
(24896,)
(-25473,)
(-9801,)
(5859,)
(775,)
(1014,)
(-17473,)
(-25473,)
(9856,)
(6016,)
(3576,)
(-2044,)
(3392,)
(24959,)
(-32641,)
(-1349,)
(-2328,)
(-3566,)
(-10,)
(5759,)
(32522,)
(1377,)
(5633,)
(274,)
(3356,)
(11012,)
(24836,)
(-24851,)
(25546,)
(-25473,)
(-258,)
(-3367,)
(-26606,)
(274,)
(4835,)
(9766,)
(25932,)
(-24504,)
(11031,)
(24870,)
(-1409,)
(12542,)
(-14616,)
(24522,)
(-5899,)
(-17452,)
(32670,)
(9825,)
(320,)
(-25593,)
(25472,)
(11245,)
(24959,)
(260,)
(3519,)
(12520,)
(-433,)
(-8458,)
(1281,)
(-32610,)
(17505,)
(-24325,)
(-12317,)
(2521,)
(4863,)
(13640,)
(3456,)
(-11137,)
(-2328,)
(1502,)
(25345,)
(-17452,)
(32591,)
(17610,)
(-32614,)
(19465,)
(-12317,)
(-9801,)
(25472,)
(4736,)
(9756,)
(26386,)
(3329,)
(12467,)
(24532,)
(-32641,)
(-12361,)
(-8661,)
(-19457,)
(-3430,)
(-14825,)
(25015,)
(9856,)
(1298,)
(1287,)
(13822,)
(-6140,)
(12415,)
(-9826,)
(5729,)
(6071,)
(-3583,)
(-24339,)
(-19689,)
(9807,)
(-24961,)
(25531,)
(1864,)
(320,)
(-1020,)
(13813,)
(-32610,)
(-26040,)
(5931,)
(-24385,)
(2531,)
(-192,)
(1348,)
(-12543,)
(-25562,)
(-2496,)
(-258,)
(-6116,)
(-17660,)
(-1378,)
(17441,)
(25416,)
(24329,)
(-12543,)
(-4637,)
(14660,)
(-3330,)
(-11037,)
(-25473,)
(-32640,)
(-1290,)
(26421,)
(2029,)
(-24400,)
(4735,)
(501,)
(25983,)
(-26111,)
(-3367,)
(-128,)
(-3397,)
(14819,)
(-1353,)
(-5942,)
(-17427,)
(32613,)
(14689,)
(1796,)
(12306,)
(4784,)
(11041,)
(-841,)
(-24961,)
(-13645,)
(-4613,)
(-12296,)
(-25346,)
(-17427,)
(32670,)
(17472,)
(811,)
(5641,)
(12326,)
(25367,)
(24839,)
(-12368,)
(-11077,)
(-1,)
(-3329,)
(-5898,)
(-17416,)
(25472,)
(12385,)
(-19669,)
(274,)
(3332,)
(11061,)
(24900,)
(14719,)
(-12537,)
(-3357,)
(-2,)
(-3457,)
(-13579,)
(1298,)
(17653,)
(-2030,)
(-8528,)
(26570,)
(3407,)
(24870,)
(25472,)
(-9983,)
(488,)
(-285,)
(-6080,)
(-3508,)
(1507,)
(-25383,)
(25387,)
(12543,)
(-5643,)
(11031,)
(24900,)
(12442,)
(19647,)
(5864,)
(2046,)
(-3583,)
(-17452,)
(-3426,)
(24417,)
(-25557,)
(-13696,)
(2526,)
(-489,)
(-1980,)
(3456,)
(-14631,)
(25576,)
(-258,)
(-5898,)
(-3357,)
(926,)
(17505,)
(5665,)
(-1353,)
(-25985,)
(11245,)
(-24354,)
(-508,)
(-770,)
(-8467,)
(-19458,)
(-25354,)
(-26441,)
(8606,)
(17659,)
(-3546,)
(265,)
(-25363,)
(25879,)
(24904,)
(-13796,)
(478,)
(-2328,)
(-295,)
(25590,)
(-769,)
(-32610,)
(17505,)
(5941,)
(265,)
(257,)
(5655,)
(24896,)
(1352,)
(3338,)
(-2556,)
(-4785,)
(-26376,)
(-14776,)
(-25473,)
(-769,)
(-32531,)
(-247,)
(24373,)
(-12526,)
(-25582,)
(4736,)
(9915,)
(25932,)
(-25985,)
(-5953,)
(-17452,)
(-1288,)
(-26497,)
(6071,)
(-19703,)
(2368,)
(11026,)
(-12299,)
(9746,)
(-26496,)
(26375,)
(-479,)
(25894,)
(-17452,)
(12446,)
(25354,)
(14840,)
(265,)
(2531,)
(-19461,)
(-32551,)
(19701,)
(8631,)
(-5870,)
(-258,)
(-1290,)
(-17536,)
(3332,)
(12415,)
(25387,)
(383,)
(1528,)
(14615,)
(24911,)
(-26422,)
(-11088,)
(-2377,)
(25598,)
(-9912,)
(3356,)
(32670,)
(17412,)
(1308,)
(335,)
(-13823,)
(11031,)
(-24349,)
(-24897,)
(-3397,)
(-12312,)
(-358,)
(-6043,)
(-5835,)
(3356,)
(1377,)
(5889,)
(13601,)
(25420,)
(11031,)
(-12361,)
(-24851,)
(-325,)
(1022,)
(-8450,)
(-19510,)
(-17452,)
(12415,)
(3356,)
(-5884,)
(3329,)
(12415,)
(13591,)
(25932,)
(-1409,)
(-11085,)
(-177,)
(-264,)
(9974,)
(-8686,)
(25345,)
(14689,)
(3356,)
(8452,)
(-14830,)
(11031,)
(-1529,)
(-9856,)
(-11188,)
(-3352,)
(-13645,)
(-3333,)
(-17585,)
(-2010,)
(-8694,)
(6090,)
(5786,)
(2405,)
(-1513,)
(24959,)
(25416,)
(-5881,)
(-792,)
(-797,)
(-5643,)
(-17485,)
(-4637,)
(-329,)
(5931,)
(294,)
(2332,)
(11009,)
(24900,)
(8576,)
(-11185,)
(-26606,)
(4791,)
(9955,)
(25932,)
(-25985,)
(-12317,)
(-25383,)
(-26496,)
(12525,)
(3519,)
(-19510,)
(9732,)
(869,)
(25416,)
(9746,)
(-5961,)
(-26497,)
(32545,)
(-3508,)
(6143,)
(-25421,)
(-4642,)
(-264,)
(9756,)
(-24960,)
(3332,)
(9882,)
(19528,)
(-24330,)
(1975,)
(14750,)
(-159,)
(-3333,)
(-12468,)
(2432,)
(-960,)
(-4609,)
(-5860,)
(260,)
(-2323,)
(26622,)
(-5953,)
(-17563,)
(8606,)
(17645,)
(6139,)
(507,)
(13569,)
(11191,)
(25472,)
(-24909,)
(-11077,)
(-264,)
(3332,)
(-6116,)
(-19500,)
(-32641,)
(-24385,)
(8501,)
(507,)
(257,)
(4631,)
(-25532,)
(-25024,)
(-26437,)
(3560,)
(-258,)
(-5896,)
(-2020,)
(32749,)
(17610,)
(-12480,)
(26377,)
(2383,)
(11031,)
(-12543,)
(-25417,)
(-11231,)
(25932,)
(-1409,)
(-13820,)
(3332,)
(-354,)
(-1951,)
(-25557,)
(-5879,)
(-32750,)
(19520,)
(26436,)
(-12317,)
(-25363,)
(-2553,)
(12360,)
(3574,)
(24447,)
(32670,)
(-26527,)
(25416,)
(-25346,)
(-8459,)
(-3561,)
(-9739,)
(-1299,)
(8635,)
(-25368,)
(14783,)
(-6017,)
(-17654,)
(772,)
(-26015,)
(5926,)
(26590,)
(-25473,)
(-12353,)
(-8636,)
(-128,)
(-9729,)
(-24331,)
(-329,)
(9974,)
(468,)
(-32761,)
(17441,)
(5964,)
(12415,)
(25354,)
(11230,)
(26551,)
(-9757,)
(-5,)
(-2328,)
(-12317,)
(-25354,)
(25556,)
(1950,)
(3356,)
(260,)
(3361,)
(2541,)
(-25985,)
(-9857,)
(-24448,)
(-11077,)
(-177,)
(-258,)
(1482,)
(-25388,)
(19614,)
(-24504,)
(3519,)
(257,)
(-1532,)
(12416,)
(25416,)
(-25984,)
(-11085,)
(1298,)
(-261,)
(14838,)
(-17427,)
(-25442,)
(25441,)
(12389,)
(3583,)
(274,)
(11031,)
(24327,)
(13632,)
(1467,)
(1463,)
(-3357,)
(-5,)
(-17413,)
(5859,)
(-1439,)
(6016,)
(410,)
(3356,)
(-5760,)
(1856,)
(12543,)
(-11077,)
(9945,)
(-12468,)
(-3357,)
(14804,)
(32749,)
(995,)
(5931,)
(-24339,)
(24448,)
(26522,)
(1407,)
(-24961,)
(-11246,)
(25416,)
(-384,)
(13813,)
(-3367,)
(-1285,)
(17645,)
(-12501,)
(5760,)
(2305,)
(-8686,)
(3329,)
(9882,)
(-11077,)
(-26571,)
(-494,)
(-25473,)
(-12299,)
(32670,)
(-5812,)
(-25985,)
(-26445,)
(2526,)
(1408,)
(9800,)
(-24851,)
(-24449,)
(-2406,)
(-1435,)
(8703,)
(2029,)
(-24575,)
(-5791,)
(5952,)
(265,)
(2431,)
(-25417,)
(25412,)
(12360,)
(-1794,)
(-2323,)
(970,)
(-6116,)
(-24364,)
(-25547,)
(1975,)
(-26606,)
(257,)
(13569,)
(11253,)
(-25532,)
(-9739,)
(12510,)
(-2328,)
(384,)
(3332,)
(12490,)
(9886,)
(17505,)
(8501,)
(1801,)
(2305,)
(-24553,)
(13636,)
(-25417,)
(-11077,)
(-2328,)
(-4836,)
(-5898,)
(9904,)
(-8546,)
(1482,)
(5675,)
(777,)
(8449,)
(-233,)
(-1535,)
(-24861,)
(-11136,)
(-2369,)
(24447,)
(3574,)
(-17646,)
(3332,)
(17505,)
(25416,)
(-24448,)
(-9830,)
(-3347,)
(-203,)
(-24837,)
(-11263,)
(-25368,)
(-258,)
(-5898,)
(-17488,)
(32516,)
(24324,)
(-24328,)
(-5643,)
(-8487,)
(-19689,)
(-3456,)
(-128,)
(-3546,)
(2019,)
(-25582,)
(-6137,)
(12326,)
(32540,)
(-26527,)
(3332,)
(265,)
(25589,)
(-9747,)
(-8513,)
(-24861,)
(-11200,)
(-2459,)
(14819,)
(1975,)
(-17663,)
(-24448,)
(-9887,)
(14668,)
(-1532,)
(2483,)
(-24400,)
(-25473,)
(-770,)
(-8467,)
(-19480,)
(-261,)
(19520,)
(26580,)
(14750,)
(12326,)
(5931,)
(257,)
(2495,)
(24447,)
(26436,)
(-25473,)
(-14661,)
(-3352,)
(-258,)
(-3333,)
(-17437,)
(32670,)
(8703,)
(-9966,)
(257,)
(257,)
(791,)
(25884,)
(-25016,)
(9915,)
(26432,)
(-3457,)
(-1857,)
(-3372,)
(-779,)
(-32614,)
(19584,)
(309,)
(3392,)
(257,)
(24911,)
(-24960,)
(-11200,)
(-2433,)
(-502,)
(-5917,)
(-5,)
(-1811,)
(-24400,)
(24503,)
(25353,)
(2322,)
(11031,)
(260,)
(257,)
(-11137,)
(25377,)
(5886,)
(-1290,)
(-3357,)
(-32517,)
(24571,)
(6115,)
(1289,)
(2480,)
(11080,)
(3429,)
(-25084,)
(3573,)
(-2559,)
(25351,)
(-25473,)
(-12468,)
(-32641,)
(-159,)
(-4642,)
(-12317,)
(2342,)
(26447,)
(-26497,)
(3456,)
(443,)
(-1304,)
(2047,)
(-5642,)
(-17452,)
(-12361,)
(-3357,)
(1407,)
(-3333,)
(2305,)
(951,)
(24842,)
(-8666,)
(-19684,)
(-2328,)
(-24572,)
(-5898,)
(-17452,)
(257,)
(17409,)
(9771,)
(24329,)
(-3583,)
(-13645,)
(24900,)
(-1281,)
(-1861,)
(-2550,)
(24522,)
(-5898,)
(1308,)
(32584,)
(1810,)
(439,)
(-769,)
(-65,)
(11245,)
(24959,)
(-9856,)
(25472,)
(-2488,)
(-258,)
(-5907,)
(3332,)
(9746,)
(25445,)
(5941,)
(265,)
(2531,)
(4615,)
(13636,)
(-24861,)
(24503,)
(-13645,)
(-440,)
(-484,)
(5886,)
(3392,)
(17436,)
(-32577,)
(357,)
(8449,)
(1815,)
(-14657,)
(-24871,)
(-12480,)
(-2305,)
(1534,)
(-13578,)
(-26560,)
(-384,)
(14689,)
(-8467,)
(1023,)
(-25599,)
(5823,)
(14645,)
(-238,)
(1467,)
(1512,)
(-5870,)
(-6016,)
(-24364,)
(-9826,)
(-4767,)
(3371,)
(12416,)
(-8703,)
(11031,)
(-32700,)
(1507,)
(-11077,)
(-3333,)
(24574,)
(4615,)
(-9793,)
(26093,)
(-1281,)
(5931,)
(-5879,)
(24321,)
(11080,)
(1298,)
(-25087,)
(9882,)
(-2328,)
(-385,)
(-6126,)
(257,)
(-1408,)
(13695,)
(25884,)
(260,)
(3507,)
(11230,)
(25345,)
(-25582,)
(-8517,)
(-19480,)
(-5,)
(19693,)
(8660,)
(1950,)
(5823,)
(12331,)
(13577,)
(25874,)
(11012,)
(-13806,)
(25566,)
(-11077,)
(-12290,)
(-258,)
(-1290,)
(26522,)
(-32541,)
(17505,)
(1835,)
(265,)
(4618,)
(13591,)
(24896,)
(-24960,)
(-11192,)
(-5656,)
(-264,)
(-5890,)
(-5,)
(-14690,)
(-32541,)
(1298,)
(384,)
(12306,)
(11031,)
(4612,)
(3338,)
(12475,)
(25471,)
(-258,)
(-4681,)
(24532,)
(-5,)
(17426,)
(6133,)
(439,)
(19520,)
(11080,)
(3346,)
(257,)
(4795,)
(-2532,)
(-321,)
(-6017,)
(-13612,)
(-3426,)
(-511,)
(9982,)
(-12307,)
(-19510,)
(-9856,)
(19693,)
(-24833,)
(26496,)
(3407,)
(4615,)
(-6134,)
(25874,)
(32695,)
(-13645,)
(26432,)
(-3336,)
(2480,)
(-5651,)
(25546,)
(-9857,)
(3519,)
(-2507,)
(-26620,)
(12306,)
(-17452,)
(9746,)
(-12468,)
(-3457,)
(-77,)
(14630,)
(-1288,)
(-1811,)
(-14611,)
(24447,)
(-2406,)
(-770,)
(3381,)
(9746,)
(25408,)
(-24569,)
(5921,)
(-3575,)
(-26111,)
(769,)
(-24349,)
(-25050,)
(-1861,)
(1352,)
(3582,)
(-5990,)
(3573,)
(8606,)
(-9966,)
(-25383,)
(-1527,)
(26595,)
(11084,)
(24900,)
(896,)
(-4846,)
(-384,)
(9746,)
(3574,)
(-17660,)
(-9793,)
(12389,)
(8703,)
(-25582,)
(-12543,)
(11235,)
(-192,)
(1408,)
(-11263,)
(-13592,)
(-4642,)
(-6072,)
(3540,)
(414,)
(17610,)
(12442,)
(25445,)
(24321,)
(11253,)
(-3516,)
(-24843,)
(-3566,)
(-2384,)
(-24448,)
(25590,)
(5869,)
(-32520,)
(-9747,)
(5931,)
(-19684,)
(25423,)
(11135,)
(-12476,)
(-5870,)
(507,)
(-2553,)
(-9739,)
(-5961,)
(25472,)
(-13696,)
(17487,)
(-384,)
(260,)
(1281,)
(1352,)
(-32641,)
(-24905,)
(8635,)
(-5,)
(-3333,)
(-5898,)
(-17481,)
(25932,)
(12385,)
(6067,)
(1289,)
(-511,)
(11262,)
(24330,)
(-24448,)
(-12357,)
(19693,)
(-433,)
(-5898,)
(-17452,)
(32670,)
(25408,)
(-948,)
(3455,)
(257,)
(3351,)
(12356,)
(25472,)
(-11077,)
(-19457,)
(-358,)
(-6043,)
(24532,)
(1856,)
(353,)
(-14720,)
(9737,)
(3573,)
(-24321,)
(3332,)
(-25060,)
(-11016,)
(26600,)
(-8450,)
(5878,)
(-32517,)
(32513,)
(17505,)
(5906,)
(25423,)
(2311,)
(3519,)
(24908,)
(-24843,)
(-11085,)
(25416,)
(-264,)
(9911,)
(-8467,)
(1482,)
(-32517,)
(5989,)
(383,)
(2432,)
(11046,)
(3396,)
(-25055,)
(3515,)
(-2433,)
(25416,)
(1298,)
(-17481,)
(-1821,)
(24417,)
(-19461,)
(-9975,)
(19457,)
(11263,)
(24900,)
(3456,)
(443,)
(26372,)
(12542,)
(-5898,)
(9945,)
(-12361,)
(-776,)
(5931,)
(-8695,)
(2531,)
(11162,)
(14693,)
(-25050,)
(1820,)
(260,)
(4862,)
(12326,)
(-17592,)
(-25472,)
(-12447,)
(6125,)
(-503,)
(2555,)
(-8467,)
(24522,)
(25472,)
(26440,)
(8476,)
(5650,)
(3332,)
(-24364,)
(-9912,)
(25983,)
(6071,)
(265,)
(-65,)
(-5640,)
(9982,)
(-8449,)
(-19584,)
(-2542,)
(3582,)
(-6016,)
(3332,)
(-1508,)
(17505,)
(5931,)
(265,)
(2431,)
(11187,)
(24959,)
(1507,)
(-25413,)
(-792,)
(12543,)
(3573,)
(-1532,)
(-1483,)
(26496,)
(-24533,)
(-25473,)
(-12511,)
(25932,)
(-188,)
(-24837,)
(26432,)
(-24328,)
(-9730,)
(12534,)
(3573,)
(-9826,)
(-5791,)
(24348,)
(1864,)
(-25599,)
(4615,)
(5859,)
(-25024,)
(-25985,)
(-13645,)
(-25378,)
(25592,)
(-17410,)
(-24385,)
(17610,)
(-32764,)
(274,)
(2376,)
(11026,)
(-26623,)
(-24961,)
(13601,)
(25894,)
(-285,)
(-25421,)
(-4642,)
(12446,)
(-1969,)
(299,)
(265,)
(12289,)
(25445,)
(-25473,)
(1975,)
(-11037,)
(-2553,)
(13695,)
(26083,)
(5815,)
(25472,)
(17409,)
(3371,)
(294,)
(2305,)
(-26596,)
(-32696,)
(-24961,)
(-11211,)
(2019,)
(257,)
(24571,)
(9955,)
(26551,)
(25423,)
(6067,)
(990,)
(2308,)
(11018,)
(24900,)
(-19640,)
(-25446,)
(-14616,)
(-5634,)
(-10,)
(468,)
(32757,)
(17505,)
(5931,)
(383,)
(3407,)
(-1314,)
(3338,)
(12416,)
(-24504,)
(14630,)
(-12290,)
(-3566,)
(-17611,)
(-3426,)
(24547,)
(-981,)
(13696,)
(25928,)
(-1508,)
(-9916,)
(-4860,)
(5880,)
(-2488,)
(1022,)
(-5961,)
(-17452,)
(26469,)
(-3333,)
(-12353,)
(-25417,)
(2305,)
(12311,)
(-5812,)
(24448,)
(3515,)
(-2338,)
(-264,)
(-5898,)
(1005,)
(-24448,)
(-32671,)
(-3347,)
(8457,)
(1975,)
(-24385,)
(24839,)
(9756,)
(25874,)
(3329,)
(12306,)
(-6072,)
(26496,)
(14750,)
(-3347,)
(-1285,)
(-9983,)
(-12443,)
(24343,)
(26447,)
(-25016,)
(1456,)
(-2527,)
(25932,)
(-24330,)
(-17473,)
(-14611,)
(17505,)
(-1821,)
(265,)
(2342,)
(778,)
(24833,)
(-25035,)
(12326,)
(26600,)
(-505,)
(-5968,)
(-1299,)
(25599,)
(-897,)
(-4821,)
(-3575,)
(-255,)
(-8467,)
(-12342,)
(-25562,)
(25472,)
(12520,)
(-9956,)
(14593,)
(26447,)
(13601,)
(25953,)
(-5845,)
(435,)
(1281,)
(1303,)
(-3516,)
(-24861,)
(-19525,)
(25498,)
(12389,)
(8501,)
(-17452,)
(3486,)
(14630,)
(13611,)
(1289,)
(-12361,)
(-3357,)
(24388,)
(-385,)
(-11019,)
(-8467,)
(-310,)
(-32522,)
(19668,)
(32639,)
(3425,)
(284,)
(25354,)
(13695,)
(-12361,)
(-26397,)
(-14720,)
(-11027,)
(-12317,)
(-25417,)
(-24330,)
(-17462,)
(-26466,)
(26496,)
(3329,)
(265,)
(25345,)
(4735,)
(5815,)
(14819,)
(-177,)
(-3347,)
(-285,)
(-25472,)
(-17536,)
(-8546,)
(1525,)
(5892,)
(24329,)
(8476,)
(-9966,)
(-1299,)
(-1281,)
(-11077,)
(-24344,)
(-258,)
(9792,)
(1407,)
(-32592,)
(17662,)
(3392,)
(265,)
(3332,)
(11036,)
(-26448,)
(1920,)
(-24393,)
(-3577,)
(1022,)
(1014,)
(-25885,)
(-32750,)
(17630,)
(-26376,)
(-14594,)
(493,)
(-822,)
(-870,)
(-5787,)
(-11136,)
(-2377,)
(26496,)
(-249,)
(5844,)
(-32758,)
(17591,)
(-9941,)
(-4826,)
(-264,)
(-9747,)
(3565,)
(12416,)
(-32696,)
(19688,)
(-329,)
(9974,)
(-26623,)
(4766,)
(13647,)
(25894,)
(25472,)
(-9983,)
(-4642,)
(504,)
(9982,)
(12475,)
(1512,)
(-258,)
(19520,)
(-3457,)
(-9733,)
(17409,)
(-12537,)
(265,)
(25345,)
(11046,)
(-13814,)
(260,)
(-11260,)
(-2522,)
(-258,)
(-26497,)
(-12368,)
(-3483,)
(-1483,)
(-3333,)
(-12543,)
(24503,)
(25472,)
(24904,)
(-26111,)
(-11246,)
(-4632,)
(-484,)
(-2038,)
(-25562,)
(26551,)
(-3357,)
(6079,)
(-3531,)
(-12299,)
(1535,)
(24833,)
(12415,)
(3404,)
(26600,)
(-13633,)
(12525,)
(25556,)
(32766,)
(17418,)
(-3357,)
(335,)
(-3483,)
(11009,)
(24850,)
(25345,)
(4795,)
(13596,)
(493,)
(-25936,)
(12500,)
(32584,)
(17535,)
(-2005,)
(-3575,)
(-19510,)
(11162,)
(24933,)
(-26497,)
(-11136,)
(-2323,)
(3335,)
(-778,)
(-5812,)
(-14820,)
(25523,)
(26590,)
(14671,)
(-1821,)
(832,)
(-19711,)
(-24861,)
(-1349,)
(-1281,)
(1810,)
(-5953,)
(468,)
(9973,)
(26111,)
(-5887,)
(-14839,)
(-4800,)
(11031,)
(25083,)
(-1408,)
(-12342,)
(-2406,)
(-258,)
(12326,)
(26396,)
(-32767,)
(17415,)
(12505,)
(320,)
(-897,)
(-5697,)
(-4796,)
(-8,)
(-1794,)
(-8625,)
(-329,)
(-6016,)
(980,)
(5642,)
(1810,)
(320,)
(4736,)
(13640,)
(-1513,)
(25087,)
(-896,)
(-11042,)
(24552,)
(-1984,)
(-25417,)
(-19500,)
(-32730,)
(19484,)
(-24533,)
(260,)
(2342,)
(11080,)
(-25473,)
(-25012,)
(-5761,)
(-11,)
(-4610,)
(1507,)
(-14594,)
(24478,)
(26465,)
(-32725,)
(493,)
(1023,)
(1815,)
(25535,)
(-24961,)
(26551,)
(-2333,)
(-129,)
(-13578,)
(24565,)
(-776,)
(25472,)
(-1319,)
(284,)
(493,)
(11109,)
(5685,)
(896,)
(1281,)
(-2559,)
(9955,)
(-10,)
(-17413,)
(-14657,)
(17505,)
(-1281,)
(-1811,)
(-24339,)
(11012,)
(-32700,)
(-25070,)
(-11192,)
(1919,)
(-258,)
(-3338,)
(-65,)
(-1378,)
(-25885,)
(6071,)
(447,)
(12505,)
(11036,)
(-8686,)
(-5884,)
(-11077,)
(19632,)
(-258,)
(-6065,)
(5859,)
(-246,)
(-9733,)
(6115,)
(24447,)
(2432,)
(1352,)
(3576,)
(274,)
(24557,)
(-19480,)
(25416,)
(-25473,)
(-17452,)
(1950,)
(14689,)
(6016,)
(778,)
(1281,)
(25471,)
(12306,)
(-25060,)
(-11077,)
(-9730,)
(-1508,)
(-6072,)
(-32614,)
(19639,)
(17505,)
(9904,)
(26377,)
(1287,)
(-25577,)
(25866,)
(-25985,)
(-11073,)
(493,)
(-258,)
(-1794,)
(-17452,)
(24448,)
(-841,)
(1381,)
(-203,)
(-14830,)
(257,)
(-25472,)
(13601,)
(5704,)
(-1409,)
(493,)
(-5898,)
(-474,)
(-32514,)
(17535,)
(-14665,)
(-3575,)
(19457,)
(-24321,)
(-12476,)
(-14665,)
(-11257,)
(26440,)
(14846,)
(-6140,)
(3540,)
(-4836,)
(1377,)
(5906,)
(24384,)
(2506,)
(-14825,)
(-3483,)
(-24861,)
(-25582,)
(384,)
(-385,)
(-5898,)
(26372,)
(1284,)
(12316,)
(24363,)
(-385,)
(5642,)
(-8477,)
(-1334,)
(-24851,)
(-11163,)
(-2343,)
(-770,)
(-1006,)
(-17657,)
(13726,)
(-26527,)
(-25985,)
(14601,)
(-25363,)
(791,)
(-9757,)
(-24339,)
(24571,)
(-12390,)
(-25346,)
(25345,)
(9746,)
(-866,)
(-1020,)
(3332,)
(-1319,)
(-26497,)
(-25473,)
(24900,)
(-384,)
(955,)
(-3583,)
(-310,)
(-25417,)
(26432,)
(-26571,)
(-9956,)
(473,)
(3332,)
(-991,)
(-5812,)
(-25473,)
(-24961,)
(-3566,)
(-264,)
(-3330,)
(-5917,)
(-17481,)
(5760,)
(14689,)
(6143,)
(265,)
(2305,)
(11225,)
(9973,)
(-769,)
(-12361,)
(-3367,)
(-4800,)
(-6016,)
(-12290,)
(32749,)
(25441,)
(-9941,)
(3338,)
(384,)
(11012,)
(1281,)
(25520,)
(-11077,)
(-12468,)
(-385,)
(-5642,)
(-17427,)
(-12317,)
(-25363,)
(25423,)
(5670,)
(-32758,)
(1284,)
(5685,)
(12306,)
(257,)
(-25472,)
(-12290,)
(-5898,)
(-1409,)
(32670,)
(17635,)
(-14600,)
(-1872,)
(12289,)
(3356,)
(5786,)
(24421,)
(8449,)
(-2328,)
(14593,)
(26551,)
(-17631,)
(26107,)
(-3333,)
(6115,)
(-25378,)
(-267,)
(-1794,)
(24557,)
(260,)
(-32581,)
(19484,)
(8703,)
(-5907,)
(5642,)
(4615,)
(-5,)
(1323,)
(265,)
(2322,)
(11031,)
(24904,)
(-24960,)
(-8487,)
(-19457,)
(-9856,)
(25416,)
(-25388,)
(1856,)
(769,)
(5931,)
(-3333,)
(26083,)
(-25985,)
(-13648,)
(-1408,)
(-1281,)
(-2328,)
(-8467,)
(-19466,)
(25556,)
(32530,)
(14775,)
(-3541,)
(265,)
(769,)
(-9961,)
(-1353,)
(-1408,)
(12360,)
(3504,)
(260,)
(-6080,)
(-8676,)
(32670,)
(-25473,)
(24496,)
(8576,)
(-9983,)
(5883,)
(25087,)
(-9801,)
(-11073,)
(12520,)
(-13796,)
(-4846,)
(1284,)
(32670,)
(25441,)
(6015,)
(-32759,)
(-3357,)
(11061,)
(-3516,)
(335,)
(4791,)
(-2550,)
(12360,)
(-25985,)
(9766,)
(32516,)
(-24328,)
(25598,)
(-25591,)
(2487,)
(-32541,)
(19524,)
(-3367,)
(1979,)
(-25599,)
(1534,)
(12534,)
(796,)
(32513,)
(3332,)
(-4826,)
(328,)
(2558,)
(-12307,)
(-19510,)
(-24960,)
(-11246,)
(8693,)
(-25582,)
(25590,)
(-24364,)
(-9826,)
(-1439,)
(1023,)
(12467,)
(25535,)
(11135,)
(25086,)
(-25070,)
(-69,)
(-2542,)
(24574,)
(-24330,)
(1920,)
(328,)
(-26448,)
(6016,)
(14596,)
(2332,)
(9792,)
(-25532,)
(-24960,)
(-11226,)
(-8472,)
(-26370,)
(-12390,)
(-5651,)
(32670,)
(12360,)
(3371,)
(383,)
(2337,)
(11031,)
(-25985,)
(-25070,)
(-11042,)
(-280,)
(-246,)
(-6106,)
(-19485,)
(-9830,)
(25441,)
(8576,)
(3337,)
(2322,)
(3351,)
(13586,)
(25408,)
(26495,)
(-13641,)
(-1309,)
(-1288,)
(-17427,)
(5869,)
(17505,)
(6042,)
(383,)
(2332,)
(260,)
(24836,)
(4735,)
(-11192,)
(-2328,)
(-336,)
(-5965,)
(14814,)
(32670,)
(-12317,)
(-25417,)
(-19711,)
(-32696,)
(11036,)
(383,)
(-24960,)
(12316,)
(-1464,)
(-9857,)
(-24331,)
(-17437,)
(32688,)
(-4767,)
(1528,)
(-2039,)
(2432,)
(840,)
(3356,)
(-1532,)
(-11260,)
(12520,)
(-440,)
(4736,)
(-12361,)
(25874,)
(17659,)
(9979,)
(478,)
(-24575,)
(-1794,)
(24900,)
(-19510,)
(-11027,)
(-24572,)
(-384,)
(-6065,)
(-17646,)
(-32767,)
(17441,)
(24363,)
(-24567,)
(-12543,)
(-25417,)
(25412,)
(12525,)
(-24548,)
(260,)
(3332,)
(1014,)
(-17611,)
(1810,)
(-12465,)
(4651,)
(-247,)
(2555,)
(-12521,)
(-9729,)
(-5760,)
(24507,)
(-2328,)
(493,)
(-19708,)
(5650,)
(25416,)
(8545,)
(5898,)
(-3583,)
(26447,)
(-9961,)
(25059,)
(-24960,)
(-11200,)
(-2542,)
(1534,)
(9982,)
(24532,)
(32640,)
(25423,)
(-1435,)
(8457,)
(2029,)
(279,)
(-3333,)
(-25024,)
(26039,)
(25471,)
(9982,)
(-778,)
(-776,)
(-2044,)
(-8607,)
(6064,)
(383,)
(-24475,)
(8471,)
(-238,)
(1281,)
(-11257,)
(13586,)
(25408,)
(-26497,)
(3507,)
(-5884,)
(17663,)
(-9729,)
(-8632,)
(-25398,)
(-32592,)
(-3566,)
(-177,)
(1830,)
(769,)
(-25593,)
(5878,)
(14668,)
(32767,)
(260,)
(6110,)
(24447,)
(9729,)
(1407,)
(-12476,)
(-25070,)
(-26437,)
(-2507,)
(-321,)
(439,)
(4618,)
(-32696,)
(-24479,)
(14596,)
(3407,)
(2322,)
(1303,)
(-1921,)
(-787,)
(-822,)
(-32517,)
(-3367,)
(8501,)
(-25363,)
(32703,)
(24447,)
(9792,)
(25932,)
(3338,)
(-13801,)
(25054,)
(-26496,)
(-12357,)
(-5656,)
(-1,)
(-9733,)
(-5676,)
(-25417,)
(-26606,)
(1352,)
(4687,)
(5633,)
(25860,)
(12416,)
(25523,)
(-11077,)
(-1353,)
(-9730,)
(-14611,)
(24448,)
(32739,)
(-923,)
(-5845,)
(274,)
(3356,)
(384,)
(-9951,)
(-25060,)
(25531,)
(-25368,)
(-4610,)
(-285,)
(-1969,)
(-8546,)
(-19485,)
(-25417,)
(24329,)
(2376,)
(11036,)
(24900,)
(3335,)
(13696,)
(25935,)
(5886,)
(947,)
(1492,)
(32513,)
(-1951,)
(26411,)
(-26497,)
(25520,)
(11031,)
(3573,)
(-24961,)
(3332,)
(24447,)
(-479,)
(25874,)
(1407,)
(9886,)
(17630,)
(-3333,)
(-1857,)
(14829,)
(26623,)
(-32700,)
(-24912,)
(-11211,)
(9960,)
(1281,)
(-6137,)
(-17537,)
(32688,)
(-26015,)
(-65,)
(-1314,)
(1023,)
(1022,)
(-24385,)
(-25050,)
(3356,)
(1298,)
(-508,)
(-6126,)
(501,)
(-1017,)
(13813,)
(6115,)
(511,)
(-9983,)
(11235,)
(5700,)
(-1920,)
(955,)
(3530,)
(9766,)
(19557,)
(8660,)
(-14830,)
(17625,)
(5895,)
(-787,)
(-5887,)
(-25895,)
(-12476,)
(-25472,)
(14779,)
(-1794,)
(-258,)
(502,)
(-17660,)
(12316,)
(25397,)
(-9857,)
(-12361,)
(-5671,)
(11031,)
(25083,)
(-12416,)
(-14830,)
(-26496,)
(-440,)
(-5898,)
(493,)
(-19554,)
(12385,)
(25387,)
(8457,)
(-12543,)
(11031,)
(24900,)
(-3333,)
(26101,)
(-25368,)
(-5697,)
(-14626,)
(-1324,)
(-9980,)
(-24339,)
(6090,)
(-32696,)
(-25599,)
(8458,)
(24870,)
(384,)
(-11137,)
(-12368,)
(-5812,)
(-25867,)
(-13645,)
(-24354,)
(353,)
(6142,)
(284,)
(1359,)
(11135,)
(24896,)
(8501,)
(-9797,)
(-1285,)
(-12317,)
(-25354,)
(-24364,)
(-26040,)
(17653,)
(260,)
(-511,)
(-14830,)
(11031,)
(-24448,)
(-12361,)
(5819,)
(-1304,)
(2043,)
(502,)
(-25472,)
(25472,)
(12360,)
(1281,)
(265,)
(2305,)
(-24553,)
(-5634,)
(-8487,)
(-11062,)
(-2406,)
(-258,)
(5878,)
(980,)
(257,)
(5639,)
(9800,)
(24399,)
(-24449,)
(3519,)
(-1314,)
(25599,)
(-25413,)
(-24344,)
(-19485,)
(-32517,)
(-17452,)
(-12317,)
(17505,)
(320,)
(4615,)
(3356,)
(14829,)
(24911,)
(-9805,)
(-14661,)
(-385,)
(-12290,)
(-3347,)
(-255,)
(9882,)
(24547,)
(-24533,)
(14671,)
(2376,)
(4631,)
(13636,)
(-24897,)
(12475,)
(-13645,)
(-4737,)
(-12298,)
(-3372,)
(32670,)
(-19510,)
(-12501,)
(-25363,)
(25345,)
(11026,)
(324,)
(-25081,)
(13755,)
(12364,)
(1281,)
(-5965,)
(-4642,)
(-264,)
(-1857,)
(-8487,)
(-19510,)
(2541,)
(-24475,)
(8516,)
(9855,)
(257,)
(14824,)
(12542,)
(24330,)
(895,)
(-13641,)
(17505,)
(-469,)
(-9975,)
(-12317,)
(-25577,)
(25408,)
(-25070,)
(3356,)
(-14830,)
(3504,)
(12416,)
(-17592,)
(-32641,)
(17505,)
(995,)
(478,)
(-3336,)
(-12521,)
(-25363,)
(-24960,)
(9800,)
(24384,)
(8703,)
(3519,)
(-14611,)
(-1464,)
(-25363,)
(-12361,)
(-3456,)
(1019,)
(11009,)
(25080,)
(-24834,)
(24399,)
(-26552,)
(-14594,)
(260,)
(8703,)
(12543,)
(17505,)
(4615,)
(9737,)
(2380,)
(-5,)
(24900,)
(-24861,)
(-11077,)
(-2369,)
(12542,)
(-19510,)
(-32641,)
(-14747,)
(12385,)
(9746,)
(383,)
(2305,)
(11225,)
(24388,)
(-24961,)
(-11077,)
(-1498,)
(25592,)
(12360,)
(-17636,)
(458,)
(-32704,)
(12331,)
(1289,)
(-25473,)
(-12480,)
(-24508,)
(-5,)
(-1319,)
(-2384,)
(-9801,)
(-24330,)
(12536,)
(926,)
(353,)
(5931,)
(14601,)
(25416,)
(11061,)
(1975,)
(-3583,)
(4795,)
(-9733,)
(-321,)
(-14631,)
(25472,)
(26440,)
(3356,)
(299,)
(-8467,)
(-19711,)
(5704,)
(24959,)
(-12491,)
(-3357,)
(-80,)
(-505,)
(-12480,)
(1463,)
(1408,)
(12306,)
(24496,)
(-503,)
(-9980,)
(12525,)
(24842,)
(-32614,)
(-11081,)
(14819,)
(-261,)
(1526,)
(-12543,)
(32695,)
(24565,)
(-26069,)
(-13796,)
(257,)
(3504,)
(26605,)
(-8576,)
(5670,)
(-32585,)
(19474,)
(-6134,)
(-3566,)
(-12543,)
(4705,)
(-9856,)
(-5651,)
(-1281,)
(279,)
(3332,)
(12416,)
(-1861,)
(-25582,)
(-329,)
(-5898,)
(-44,)
(-24418,)
(-12317,)
(-25363,)
(25472,)
(-9951,)
(11036,)
(24900,)
(-25024,)
(-11236,)
(1281,)
(-258,)
(-8467,)
(-17452,)
(-102,)
(17659,)
(8675,)
(-9975,)
(-24575,)
(12416,)
(3356,)
(-24960,)
(-14661,)
(-5656,)
(-267,)
(-385,)
(-12361,)
(-3367,)
(17505,)
(5931,)
(-24497,)
(8501,)
(9792,)
(1352,)
(4615,)
(14625,)
(25935,)
(-484,)
(-6072,)
(-17442,)
(-329,)
(-3329,)
(6139,)
(24448,)
(-32541,)
(11109,)
(14720,)
(12360,)
(-11077,)
(-2559,)
(-9974,)
(-1290,)
(-17592,)
(-9857,)
(17591,)
(-5845,)
(-5,)
(-3583,)
(11235,)
(9746,)
(-26497,)
(8576,)
(-9752,)
(-258,)
(-1532,)
(796,)
(25420,)
(17536,)
(-12501,)
(383,)
(2305,)
(-3566,)
(-12317,)
(-25472,)
(-9797,)
(19693,)
(-26369,)
(-9856,)
(-17663,)
(4636,)
(9738,)
(25983,)
(439,)
(-13806,)
(11031,)
(-264,)
(-9857,)
(-25413,)
(-2305,)
(-440,)
(-24331,)
(8576,)
(1968,)
(17505,)
(5895,)
(-25567,)
(-12361,)
(11031,)
(-9916,)
(-24837,)
(-12357,)
(-26441,)
(-24448,)
(24566,)
(-812,)
(-866,)
(1284,)
(5906,)
(24392,)
(4609,)
(11041,)
(5708,)
(-24837,)
(-13645,)
(-4632,)
(-385,)
(26622,)
(12525,)
(3530,)
(-32551,)
(24324,)
(8576,)
(-5697,)
(-1513,)
(4784,)
(-24960,)
(25932,)
(-3352,)
(-13597,)
(1502,)
(25556,)
(-32610,)
(26465,)
(5892,)
(3504,)
(2332,)
(-971,)
(24900,)
(-12416,)
(-14841,)
(-26373,)
(-3508,)
(-25985,)
(5815,)
(32670,)
(-440,)
(-1794,)
(260,)
(-19711,)
(-32614,)
(-24508,)
(8665,)
(-12361,)
(-3352,)
(1534,)
(-5898,)
(-26560,)
(-25929,)
(14771,)
(12360,)
(504,)
(-9980,)
(5642,)
(24900,)
(26440,)
(-11077,)
(-12361,)
(1810,)
(-6143,)
(-17452,)
(-12386,)
(-25524,)
(6015,)
(12360,)
(-4836,)
(11031,)
(832,)
(-25070,)
(5633,)
(-2522,)
(-258,)
(-24448,)
(-14830,)
(-32551,)
(-927,)
(-25417,)
(384,)
(12415,)
(9907,)
(384,)
(-24840,)
(-1861,)
(778,)
(-25346,)
(-12361,)
(-3347,)
(26421,)
(-3487,)
(-14672,)
(473,)
(25472,)
(25932,)
(24860,)
(435,)
(24542,)
(12416,)
(25598,)
(-25473,)
(-19510,)
(-3426,)
(-24479,)
(-3333,)
(-12535,)
(2487,)
(11015,)
(13785,)
(24448,)
(-11077,)
(-13645,)
(-1314,)
(25592,)
(-1921,)
(-12307,)
(5834,)
(9771,)
(777,)
(8458,)
(1810,)
(24321,)
(-26497,)
(-9951,)
(-2484,)
(-25858,)
(-9729,)
(-24331,)
(-25352,)
(-26441,)
